chrom	length	bases	mean	min	max
mt	53563	29825998	556.84	329	761
scaffold_1	417569	8743153	20.94	1	46
scaffold_2	377853	7911836	20.94	0	66
scaffold_3	336833	7208326	21.40	4	107
scaffold_4	333850	6917870	20.72	0	45
scaffold_5	328136	6788101	20.69	0	46
scaffold_6	315788	6701739	21.22	1	43
scaffold_7	298212	6435504	21.58	1	54
scaffold_8	268692	5524755	20.56	1	45
scaffold_9	264587	5541389	20.94	3	42
scaffold_10	264362	5729741	21.67	3	86
scaffold_11	261715	5512896	21.06	1	44
scaffold_12	254677	5255260	20.64	0	44
scaffold_13	232625	4937410	21.22	0	47
scaffold_14	226854	4876639	21.50	1	44
scaffold_15	222095	5083607	22.89	4	204
scaffold_16	221429	4516951	20.40	0	44
scaffold_17	210587	4373441	20.77	1	44
scaffold_18	200920	4162743	20.72	1	43
scaffold_19	197875	4297084	21.72	2	44
scaffold_20	197538	4013395	20.32	1	44
scaffold_21	196708	4304043	21.88	2	50
scaffold_22	189684	3988058	21.02	1	58
scaffold_23	188024	3950947	21.01	0	41
scaffold_24	181527	3847652	21.20	0	50
scaffold_25	178073	3904604	21.93	1	53
scaffold_26	176158	3608712	20.49	1	86
scaffold_27	170223	3652239	21.46	2	49
scaffold_28	169068	3600106	21.29	0	55
scaffold_29	168274	3660272	21.75	0	72
scaffold_30	165455	3507840	21.20	1	41
scaffold_31	165260	3493171	21.14	2	43
scaffold_32	164170	3379853	20.59	3	62
scaffold_33	157249	3363049	21.39	0	45
scaffold_34	152130	3339505	21.95	2	83
scaffold_35	150711	3243840	21.52	1	43
scaffold_36	148322	3168427	21.36	0	41
scaffold_37	146344	3200472	21.87	3	377
scaffold_38	144439	3357808	23.25	2	428
scaffold_39	143247	3040412	21.22	2	44
scaffold_40	135819	2865666	21.10	0	49
scaffold_41	135308	2809883	20.77	2	41
scaffold_42	134892	2913439	21.60	2	68
scaffold_43	134503	2898679	21.55	1	46
scaffold_44	133473	2774240	20.79	1	89
scaffold_45	132820	2852710	21.48	0	44
scaffold_46	131649	2816717	21.40	1	41
scaffold_47	131291	2852176	21.72	0	49
scaffold_48	130911	2730933	20.86	1	41
scaffold_49	130793	2656468	20.31	0	62
scaffold_50	124011	2587552	20.87	0	45
scaffold_51	122644	2639787	21.52	3	54
scaffold_52	122049	2387247	19.56	1	39
scaffold_53	120875	2496920	20.66	1	42
scaffold_54	120525	2548646	21.15	1	41
scaffold_55	120467	2596032	21.55	0	41
scaffold_56	119996	2538336	21.15	0	43
scaffold_57	119425	2574546	21.56	3	45
scaffold_58	119166	2502719	21.00	0	45
scaffold_59	119150	2498563	20.97	1	46
scaffold_60	118626	2429188	20.48	0	148
scaffold_61	117518	2386448	20.31	3	51
scaffold_62	116805	2416742	20.69	4	48
scaffold_63	114430	2458217	21.48	2	44
scaffold_64	114384	2396523	20.95	2	43
scaffold_65	114009	2433067	21.34	1	76
scaffold_66	113874	2355819	20.69	2	43
scaffold_67	112699	2413608	21.42	1	66
scaffold_68	112139	2427635	21.65	1	50
scaffold_69	108790	2286619	21.02	1	54
scaffold_70	108410	2316155	21.36	1	39
scaffold_71	108315	2199585	20.31	0	69
scaffold_72	104808	2198842	20.98	0	44
scaffold_73	103698	2302060	22.20	1	89
scaffold_74	103694	2209509	21.31	1	44
scaffold_75	103434	2219654	21.46	1	40
scaffold_76	101365	2141819	21.13	2	46
scaffold_77	100076	2650226	26.48	0	697
scaffold_78	99543	2021856	20.31	0	43
scaffold_79	96880	2004839	20.69	1	40
scaffold_80	95669	1960897	20.50	2	42
scaffold_81	95187	2014216	21.16	1	42
scaffold_82	92721	1899651	20.49	3	46
scaffold_83	91654	2005920	21.89	2	44
scaffold_84	90987	1879113	20.65	1	46
scaffold_85	89108	1876635	21.06	2	57
scaffold_86	87726	1850852	21.10	1	48
scaffold_87	85562	1840350	21.51	1	43
scaffold_88	85348	1815541	21.27	2	41
scaffold_89	82063	1799859	21.93	1	50
scaffold_90	81694	1745438	21.37	2	41
scaffold_91	81359	1693956	20.82	1	41
scaffold_92	80623	1577124	19.56	0	69
scaffold_93	80613	1642902	20.38	1	44
scaffold_94	79976	1694564	21.19	2	43
scaffold_95	79855	1586045	19.86	0	41
scaffold_96	79554	1659948	20.87	2	42
scaffold_97	78960	1627834	20.62	2	41
scaffold_98	75733	1641578	21.68	1	42
scaffold_99	75337	1531037	20.32	1	41
scaffold_100	73841	1632375	22.11	2	50
scaffold_101	73734	1684416	22.84	3	42
scaffold_102	73189	1570729	21.46	3	41
scaffold_103	72247	1508281	20.88	1	44
scaffold_104	71946	1446888	20.11	1	42
scaffold_105	71794	1532616	21.35	0	44
scaffold_106	71618	1629868	22.76	1	101
scaffold_107	71114	1527014	21.47	1	45
scaffold_108	70446	1475487	20.94	2	45
scaffold_109	70190	1469781	20.94	2	40
scaffold_110	67845	1432652	21.12	3	42
scaffold_111	67197	1421318	21.15	1	46
scaffold_112	66445	1395563	21.00	1	72
scaffold_113	65612	1303948	19.87	2	43
scaffold_114	65121	1421395	21.83	1	121
scaffold_115	63681	1398929	21.97	0	39
scaffold_116	63380	1297631	20.47	1	46
scaffold_117	63330	1322826	20.89	1	45
scaffold_118	63272	1317527	20.82	1	43
scaffold_119	62759	1224613	19.51	0	76
scaffold_120	62380	1321275	21.18	4	42
scaffold_121	60929	1214067	19.93	1	39
scaffold_122	59964	1025189	17.10	0	34
scaffold_123	59868	1320857	22.06	3	41
scaffold_124	59415	1307196	22.00	1	789
scaffold_125	56984	1160856	20.37	1	42
scaffold_126	55747	1211347	21.73	2	43
scaffold_127	54092	1138311	21.04	2	40
scaffold_128	53036	1083519	20.43	1	40
scaffold_129	52274	1307965	25.02	5	83
scaffold_130	51479	1042776	20.26	1	79
scaffold_131	49925	1042258	20.88	0	42
scaffold_132	48733	970228	19.91	1	40
scaffold_133	48550	1030598	21.23	1	60
scaffold_134	48168	1073378	22.28	2	41
scaffold_135	47894	978924	20.44	2	37
scaffold_136	47851	1028917	21.50	0	51
scaffold_137	47601	918617	19.30	2	42
scaffold_138	47588	1028449	21.61	1	42
scaffold_139	47466	939529	19.79	1	42
scaffold_140	47342	1019772	21.54	2	42
scaffold_141	46056	942105	20.46	1	45
scaffold_142	45580	875328	19.20	1	44
scaffold_143	45149	1154300	25.57	2	48
scaffold_144	44794	892189	19.92	0	45
scaffold_145	44243	877626	19.84	1	45
scaffold_146	43210	911752	21.10	2	40
scaffold_147	43046	986698	22.92	1	48
scaffold_148	42826	966151	22.56	3	51
scaffold_149	42537	847219	19.92	1	41
scaffold_150	42500	889674	20.93	1	41
scaffold_151	42017	972980	23.16	3	47
scaffold_152	41368	872362	21.09	1	45
scaffold_153	40909	843013	20.61	1	61
scaffold_154	40421	918849	22.73	1	47
scaffold_155	40347	870749	21.58	2	41
scaffold_156	40149	814063	20.28	3	44
scaffold_157	40110	825445	20.58	2	54
scaffold_158	39731	853736	21.49	2	41
scaffold_159	38794	871301	22.46	2	46
scaffold_160	37768	853166	22.59	1	43
scaffold_161	36755	944274	25.69	1	41
scaffold_162	36736	703443	19.15	1	120
scaffold_163	36384	750906	20.64	1	42
scaffold_164	35872	724404	20.19	2	49
scaffold_165	35706	706094	19.78	2	38
scaffold_166	35242	736730	20.90	1	41
scaffold_167	34671	672715	19.40	1	41
scaffold_168	34632	706394	20.40	2	38
scaffold_169	33913	720122	21.23	1	48
scaffold_170	33744	850438	25.20	1	47
scaffold_171	33274	756502	22.74	1	62
scaffold_172	33224	807742	24.31	1	50
scaffold_173	33113	639720	19.32	2	35
scaffold_174	32434	639693	19.72	1	74
scaffold_175	32383	631143	19.49	1	39
scaffold_176	32318	657097	20.33	1	41
scaffold_177	32106	669372	20.85	2	38
scaffold_178	31903	642962	20.15	1	60
scaffold_179	31822	644965	20.27	3	39
scaffold_180	31386	814747	25.96	3	76
scaffold_181	31281	639216	20.43	2	44
scaffold_182	30566	597500	19.55	1	48
scaffold_183	30333	740721	24.42	0	46
scaffold_184	30292	674162	22.26	3	44
scaffold_185	30128	592034	19.65	1	42
scaffold_186	29870	608541	20.37	2	40
scaffold_187	29428	618526	21.02	1	44
scaffold_188	29347	712507	24.28	5	81
scaffold_189	28880	646589	22.39	0	42
scaffold_190	28875	528377	18.30	1	36
scaffold_191	28852	638385	22.13	2	42
scaffold_192	28742	592770	20.62	3	41
scaffold_193	28092	550430	19.59	1	59
scaffold_194	27210	531379	19.53	1	42
scaffold_195	26798	691946	25.82	4	60
scaffold_196	26701	634404	23.76	2	45
scaffold_197	26621	597837	22.46	1	45
scaffold_198	26438	724359	27.40	2	98
scaffold_199	26021	558158	21.45	5	39
scaffold_200	25938	444175	17.12	0	34
scaffold_201	25278	509214	20.14	2	38
scaffold_202	24953	502266	20.13	0	39
scaffold_203	24535	542704	22.12	1	50
scaffold_204	23915	585675	24.49	1	76
scaffold_205	23736	607071	25.58	2	61
scaffold_206	23489	458126	19.50	1	40
scaffold_207	23381	577132	24.68	1	43
scaffold_208	22669	525127	23.16	2	41
scaffold_209	22637	417078	18.42	1	37
scaffold_210	22388	470674	21.02	2	42
scaffold_211	22030	401211	18.21	2	36
scaffold_212	21707	399800	18.42	1	40
scaffold_213	21630	545321	25.21	2	74
scaffold_214	21444	400053	18.66	1	39
scaffold_215	21052	387542	18.41	0	41
scaffold_216	20795	429788	20.67	0	137
scaffold_217	20714	442361	21.36	1	37
scaffold_218	19997	541738	27.09	4	64
scaffold_219	19471	418512	21.49	2	41
scaffold_220	19309	507179	26.27	1	46
scaffold_221	19246	515699	26.80	0	145
scaffold_222	18897	405580	21.46	1	51
scaffold_223	18217	274240	15.05	1	35
scaffold_224	17461	351348	20.12	1	40
scaffold_225	17282	322905	18.68	1	37
scaffold_226	17121	437330	25.54	3	123
scaffold_227	17028	427065	25.08	2	65
scaffold_228	16427	281656	17.15	1	36
scaffold_230	15726	408900	26.00	4	134
scaffold_231	15447	323496	20.94	0	42
scaffold_232	15430	410795	26.62	2	57
scaffold_233	15303	426301	27.86	2	156
scaffold_234	15199	318028	20.92	2	42
scaffold_235	15167	413952	27.29	2	121
scaffold_236	14813	242576	16.38	1	34
scaffold_237	14615	350297	23.97	4	65
scaffold_238	14370	357835	24.90	2	46
scaffold_239	14297	349973	24.48	2	46
scaffold_240	14284	382532	26.78	2	81
scaffold_241	14207	332757	23.42	2	41
scaffold_242	14111	290011	20.55	2	82
scaffold_243	13730	231808	16.88	1	39
scaffold_244	12841	496133	38.64	1	97
scaffold_245	12654	236605	18.70	2	39
scaffold_246	12512	232072	18.55	2	35
scaffold_247	12435	248076	19.95	2	40
scaffold_248	12385	393845	31.80	0	259
scaffold_249	12308	329821	26.80	1	130
scaffold_250	12262	306280	24.98	1	51
scaffold_251	12227	329054	26.91	7	80
scaffold_252	11607	301597	25.98	3	41
scaffold_253	11522	175924	15.27	0	31
scaffold_254	11191	465130	41.56	2	269
scaffold_255	11187	428155	38.27	1	210
scaffold_256	11037	308170	27.92	2	88
scaffold_257	10727	278170	25.93	2	48
scaffold_258	10703	164711	15.39	2	31
scaffold_259	10299	164231	15.95	2	34
scaffold_260	10293	280421	27.24	1	64
scaffold_261	10240	145382	14.20	0	31
scaffold_262	10003	253562	25.35	3	43
scaffold_263	9531	335613	35.21	3	233
scaffold_264	9399	226834	24.13	1	45
scaffold_265	9230	186448	20.20	1	37
scaffold_266	9183	232782	25.35	2	64
scaffold_267	9129	149796	16.41	1	53
scaffold_268	9032	247503	27.40	1	70
scaffold_269	8925	240828	26.98	3	92
scaffold_270	8836	230754	26.12	1	48
scaffold_271	8808	171919	19.52	1	38
scaffold_272	8761	260104	29.69	3	78
scaffold_273	8727	177434	20.33	1	37
scaffold_274	8504	214192	25.19	1	46
scaffold_275	8327	204210	24.52	2	42
scaffold_276	8172	203452	24.90	2	40
scaffold_277	8130	184359	22.68	0	43
scaffold_278	8090	212177	26.23	2	43
scaffold_279	8080	7728593	956.51	99	1417
scaffold_280	7820	164318	21.01	1	36
scaffold_281	7801	203105	26.04	1	40
scaffold_282	7756	120661	15.56	1	33
scaffold_283	7689	193302	25.14	1	87
scaffold_284	7321	196547	26.85	2	94
scaffold_285	7310	120228	16.45	1	28
scaffold_286	7263	182531	25.13	2	41
scaffold_287	7249	175031	24.15	2	40
scaffold_288	7200	186949	25.97	2	41
scaffold_289	7018	161666	23.04	3	37
scaffold_290	6991	125966	18.02	1	40
scaffold_291	6888	140374	20.38	2	39
scaffold_292	6843	92873	13.57	2	30
scaffold_294	6746	167179	24.78	1	57
scaffold_295	6675	98426	14.75	2	33
scaffold_296	6590	169893	25.78	2	61
scaffold_297	6463	103625	16.03	1	30
scaffold_298	6447	175682	27.25	3	80
scaffold_299	6363	159505	25.07	1	44
scaffold_300	6289	180773	28.74	4	78
scaffold_301	6258	96292	15.39	2	31
scaffold_302	6196	154558	24.94	1	41
scaffold_303	6091	497635	81.70	10	199
scaffold_304	6020	255846	42.50	1	180
scaffold_305	5851	90699	15.50	1	32
scaffold_306	5700	102958	18.06	1	35
scaffold_307	5694	79724	14.00	1	28
scaffold_308	5632	152132	27.01	2	42
scaffold_309	5629	105924	18.82	3	43
scaffold_310	5615	151200	26.93	1	50
scaffold_311	5360	145947	27.23	1	46
scaffold_312	5347	132803	24.84	2	37
scaffold_314	5153	146746	28.48	1	51
scaffold_315	5112	141315	27.64	1	43
scaffold_316	5054	133697	26.45	3	59
scaffold_317	5017	90948	18.13	2	32
scaffold_318	5009	130438	26.04	2	43
scaffold_319	5001	72500	14.50	0	29
scaffold_320	4999	77272	15.46	1	26
scaffold_321	4987	122845	24.63	3	38
scaffold_322	4968	70768	14.24	1	49
scaffold_323	4931	61463	12.46	2	26
scaffold_324	4930	130920	26.56	2	50
scaffold_325	4919	116494	23.68	2	71
scaffold_326	4918	130578	26.55	2	46
scaffold_327	4880	120056	24.60	3	45
scaffold_328	4789	104015	21.72	2	39
scaffold_329	4781	64851	13.56	2	27
scaffold_330	4767	120056	25.18	1	39
scaffold_331	4766	116066	24.35	1	64
scaffold_332	4745	67704	14.27	2	26
scaffold_333	4735	120017	25.35	0	41
scaffold_334	4727	78923	16.70	4	31
scaffold_335	4721	72158	15.28	0	31
scaffold_336	4717	116823	24.77	3	41
scaffold_337	4530	107180	23.66	4	35
scaffold_338	4443	89911	20.24	1	37
scaffold_339	4412	117070	26.53	3	44
scaffold_340	4334	107061	24.70	0	50
scaffold_341	4323	110993	25.67	3	44
scaffold_342	4240	102097	24.08	1	57
scaffold_343	4233	100343	23.70	3	38
scaffold_344	4195	59600	14.21	2	27
scaffold_345	4177	55608	13.31	1	31
scaffold_346	4130	106670	25.83	3	43
scaffold_347	4126	110793	26.85	0	58
scaffold_348	4020	107771	26.81	2	41
scaffold_349	4005	92082	22.99	0	41
scaffold_350	4001	95718	23.92	1	47
scaffold_351	3997	109942	27.51	1	55
scaffold_352	3951	88916	22.50	1	34
scaffold_353	3875	70023	18.07	2	35
scaffold_354	3868	97820	25.29	3	42
scaffold_355	3828	55309	14.45	2	27
scaffold_356	3689	112760	30.57	2	79
scaffold_357	3674	104110	28.34	6	44
scaffold_358	3656	101926	27.88	3	46
scaffold_359	3625	92322	25.47	2	37
scaffold_360	3620	40185	11.10	1	21
scaffold_361	3607	84471	23.42	4	37
scaffold_362	3558	36848	10.36	1	21
scaffold_363	3448	67785	19.66	0	104
scaffold_364	3447	50272	14.58	1	28
scaffold_365	3420	83127	24.31	1	37
scaffold_366	3361	44163	13.14	1	32
scaffold_367	3293	85746	26.04	1	42
scaffold_368	3281	82719	25.21	2	47
scaffold_369	3254	77904	23.94	3	54
scaffold_370	3252	89932	27.65	2	93
scaffold_371	3237	43413	13.41	0	27
scaffold_372	3200	85282	26.65	3	38
scaffold_373	3188	97349	30.54	4	168
scaffold_374	3115	96788	31.07	2	61
scaffold_375	3097	69331	22.39	0	39
scaffold_376	3094	47256	15.27	1	28
scaffold_377	3087	59553	19.29	1	40
scaffold_378	3028	82512	27.25	3	45
scaffold_379	2994	191329	63.90	0	192
scaffold_380	2969	65157	21.95	0	35
scaffold_381	2927	41064	14.03	1	24
scaffold_382	2916	83415	28.61	1	50
scaffold_383	2847	74763	26.26	2	44
scaffold_384	2842	74901	26.36	0	39
scaffold_385	2840	37487	13.20	1	23
scaffold_386	2818	77132	27.37	3	45
scaffold_387	2792	71112	25.47	2	44
scaffold_388	2789	47909	17.18	1	32
scaffold_389	2787	82402	29.57	2	57
scaffold_390	2728	37165	13.62	1	26
scaffold_391	2723	75982	27.90	2	40
scaffold_392	2688	61813	23.00	1	39
scaffold_393	2680	33204	12.39	3	32
scaffold_394	2654	25604	9.65	1	23
scaffold_395	2635	56972	21.62	1	33
scaffold_396	2599	66998	25.78	3	73
scaffold_397	2582	43076	16.68	1	31
scaffold_399	2514	71559	28.46	2	86
scaffold_400	2469	63440	25.69	2	41
scaffold_401	2461	80796	32.83	1	100
scaffold_402	2450	570074	232.68	0	818
scaffold_403	2428	61398	25.29	2	37
scaffold_404	2373	39321	16.57	4	30
scaffold_405	2365	1249478	528.32	9	1019
scaffold_406	2339	55872	23.89	0	41
scaffold_407	2337	26573	11.37	1	21
scaffold_409	2313	27990	12.10	1	20
scaffold_410	2284	35571	15.57	2	41
scaffold_411	2277	57083	25.07	3	42
scaffold_412	2225	52760	23.71	0	43
scaffold_413	2223	53954	24.27	3	38
scaffold_414	2212	69986	31.64	3	53
scaffold_415	2207	54803	24.83	2	38
scaffold_416	2198	57788	26.29	2	38
scaffold_417	2192	24069	10.98	1	19
scaffold_418	2186	54069	24.73	2	36
scaffold_419	2166	54817	25.31	1	41
scaffold_421	2129	27669	13.00	0	23
scaffold_422	2119	48394	22.84	1	36
scaffold_425	2072	27746	13.39	2	29
scaffold_426	2058	35424	17.21	1	29
scaffold_427	2056	29108	14.16	2	27
scaffold_428	2043	55704	27.27	0	44
scaffold_429	2038	62367	30.60	4	52
scaffold_430	2019	220442	109.18	9	329
scaffold_431	1986	52984	26.68	3	42
scaffold_433	1976	25141	12.72	1	24
scaffold_435	1901	23970	12.61	1	24
scaffold_436	1891	21469	11.35	1	23
scaffold_437	1884	51982	27.59	0	49
scaffold_439	1880	25362	13.49	0	35
scaffold_440	1879	19454	10.35	0	19
scaffold_441	1878	22492	11.98	1	20
scaffold_442	1868	51564	27.60	4	54
scaffold_443	1841	24617	13.37	1	29
scaffold_444	1822	46379	25.45	0	42
scaffold_445	1817	23914	13.16	1	29
scaffold_446	1798	21666	12.05	2	23
scaffold_447	1795	669882	373.19	7	832
scaffold_448	1782	45148	25.34	1	42
scaffold_449	1766	48692	27.57	0	42
scaffold_450	1747	49513	28.34	2	58
scaffold_451	1746	47305	27.09	3	53
scaffold_453	1720	23155	13.46	1	27
scaffold_454	1716	310743	181.09	5	517
scaffold_457	1689	193810	114.75	4	391
scaffold_458	1662	24708	14.87	1	32
scaffold_459	1620	60737	37.49	2	67
scaffold_460	1609	34561	21.48	0	34
scaffold_461	1608	49830	30.99	0	69
scaffold_462	1591	26891	16.90	2	26
scaffold_463	1572	12464	7.93	1	14
scaffold_464	1571	17887	11.39	1	24
scaffold_465	1565	42139	26.93	2	42
scaffold_466	1549	179926	116.16	6	169
scaffold_467	1549	42327	27.33	4	45
scaffold_468	1539	19031	12.37	1	21
scaffold_469	1536	228170	148.55	4	368
scaffold_470	1526	15655	10.26	1	21
scaffold_471	1521	40198	26.43	4	41
scaffold_472	1518	14045	9.25	1	18
scaffold_473	1508	34766	23.05	1	36
scaffold_474	1504	42551	28.29	2	43
scaffold_475	1504	16169	10.75	1	20
scaffold_476	1498	37853	25.27	3	35
scaffold_477	1487	13565	9.12	1	19
scaffold_478	1472	50017	33.98	3	81
scaffold_479	1471	17117	11.64	2	26
scaffold_480	1459	42638	29.22	4	54
scaffold_481	1387	579358	417.71	18	676
scaffold_482	1387	32967	23.77	2	35
scaffold_483	1387	32601	23.50	1	36
scaffold_484	1385	31099	22.45	4	37
scaffold_485	1360	180243	132.53	8	367
scaffold_486	1355	28842	21.29	3	35
scaffold_487	1317	13298	10.10	2	19
scaffold_488	1315	65015	49.44	2	112
scaffold_489	1282	35060	27.35	3	43
scaffold_490	1268	29254	23.07	2	34
scaffold_491	1245	113613	91.26	5	361
scaffold_492	1235	335280	271.48	22	596
scaffold_493	1207	17130	14.19	2	22
scaffold_494	1182	25941	21.95	2	34
scaffold_495	1172	68436	58.39	3	101
scaffold_496	1169	123187	105.38	1	243
scaffold_497	1166	9977	8.56	1	18
scaffold_498	1143	27821	24.34	1	41
scaffold_499	1138	84056	73.86	7	150
scaffold_500	1136	11447	10.08	1	19
scaffold_501	1134	76520	67.48	2	160
scaffold_502	1113	14762	13.26	2	23
scaffold_503	1111	81272	73.15	2	165
scaffold_504	1106	42384	38.32	1	66
scaffold_505	1105	453333	410.26	15	639
scaffold_506	1094	23644	21.61	2	32
scaffold_507	1073	26176	24.40	3	41
scaffold_508	1020	9761	9.57	2	15
scaffold_510	1014	34308	33.83	3	59
scaffold_511	1000	26778	26.78	2	61
total	21474307	499371497	23.25	0	1417
