chrom	length	bases	mean	min	max
mt	50724	36664094	722.82	509	924
scaffold_1	207656	5979620	28.80	5	53
scaffold_2	204659	5959093	29.12	6	65
scaffold_3	202253	5935543	29.35	3	54
scaffold_4	199198	5637437	28.30	4	54
scaffold_5	189549	5488349	28.95	3	52
scaffold_6	182711	5213474	28.53	4	59
scaffold_7	166397	4725239	28.40	4	54
scaffold_8	164321	4823649	29.36	8	75
scaffold_9	160542	4464103	27.81	4	54
scaffold_10	151381	4492256	29.68	6	350
scaffold_11	150023	4387609	29.25	3	54
scaffold_12	147730	4199159	28.42	7	55
scaffold_13	144084	4168396	28.93	6	54
scaffold_14	138848	4052145	29.18	10	55
scaffold_15	136113	3976840	29.22	9	55
scaffold_16	132528	3826960	28.88	7	51
scaffold_17	130552	3673895	28.14	6	58
scaffold_18	129248	3751564	29.03	5	56
scaffold_19	125870	3569480	28.36	3	54
scaffold_20	124112	3595909	28.97	8	52
scaffold_21	121139	3580939	29.56	6	238
scaffold_22	118933	3383054	28.45	4	70
scaffold_23	118273	3403910	28.78	3	91
scaffold_24	117921	3253079	27.59	5	52
scaffold_25	115238	3312503	28.74	9	53
scaffold_26	112794	3270834	29.00	7	56
scaffold_27	112483	3267988	29.05	3	56
scaffold_28	109009	3192728	29.29	6	142
scaffold_29	107767	3083165	28.61	6	60
scaffold_30	107621	3098788	28.79	6	54
scaffold_31	103802	2989700	28.80	6	53
scaffold_32	103788	2943725	28.36	6	53
scaffold_33	103646	3031248	29.25	7	55
scaffold_34	103359	2957907	28.62	8	139
scaffold_35	102360	3055896	29.85	9	59
scaffold_36	101185	2912458	28.78	7	52
scaffold_37	100267	2906139	28.98	4	58
scaffold_38	99276	3068923	30.91	7	215
scaffold_39	97503	2878331	29.52	9	52
scaffold_40	96438	2800034	29.03	7	59
scaffold_41	94822	2793045	29.46	8	52
scaffold_42	94400	2710364	28.71	10	55
scaffold_43	93823	2699822	28.78	7	59
scaffold_44	92352	2639834	28.58	7	53
scaffold_45	91567	2679083	29.26	6	58
scaffold_46	91416	2661948	29.12	8	57
scaffold_47	91149	2624191	28.79	7	81
scaffold_48	90846	2711662	29.85	7	698
scaffold_49	90403	2573435	28.47	5	53
scaffold_50	89579	2545177	28.41	6	51
scaffold_51	89510	2553099	28.52	9	54
scaffold_52	88761	2814064	31.70	7	280
scaffold_53	87560	2534883	28.95	7	55
scaffold_54	86783	2545685	29.33	5	73
scaffold_55	86491	2565888	29.67	9	86
scaffold_56	84528	2418487	28.61	3	51
scaffold_57	83905	2456913	29.28	7	243
scaffold_58	83830	2374720	28.33	4	48
scaffold_59	83730	2379082	28.41	2	56
scaffold_60	83389	2335537	28.01	6	71
scaffold_61	83220	2405579	28.91	7	53
scaffold_62	81498	2307408	28.31	5	54
scaffold_63	81097	2278424	28.10	4	53
scaffold_64	80122	2322232	28.98	6	53
scaffold_65	80069	2322243	29.00	5	71
scaffold_66	79255	2221450	28.03	7	48
scaffold_67	78781	2335106	29.64	9	51
scaffold_68	78070	2241477	28.71	8	55
scaffold_69	77718	2292254	29.49	5	52
scaffold_70	77622	2265235	29.18	6	54
scaffold_71	74998	2248328	29.98	3	111
scaffold_72	74686	2133555	28.57	5	53
scaffold_73	74234	2169114	29.22	7	82
scaffold_74	74015	2244946	30.33	2	252
scaffold_75	73629	2154505	29.26	8	51
scaffold_76	73535	2123804	28.88	2	57
scaffold_77	73331	2208979	30.12	8	54
scaffold_78	71891	2133636	29.68	6	269
scaffold_79	71630	2155121	30.09	11	57
scaffold_80	71287	1970259	27.64	6	50
scaffold_81	70163	2063011	29.40	11	108
scaffold_82	69571	1908620	27.43	7	150
scaffold_83	67756	1988988	29.36	7	244
scaffold_84	67727	1834221	27.08	3	50
scaffold_85	67247	1803279	26.82	3	52
scaffold_86	67008	1899947	28.35	8	53
scaffold_87	66856	1895862	28.36	5	78
scaffold_88	66266	2040573	30.79	8	166
scaffold_89	65993	1869680	28.33	2	50
scaffold_90	65962	1897285	28.76	4	50
scaffold_91	65891	1963797	29.80	6	93
scaffold_92	65832	1905423	28.94	6	54
scaffold_93	65765	1883806	28.64	6	99
scaffold_94	64963	1865537	28.72	11	51
scaffold_95	64946	1855557	28.57	8	61
scaffold_96	64800	1821710	28.11	6	50
scaffold_97	64774	1867879	28.84	6	49
scaffold_98	63860	1894616	29.67	6	53
scaffold_99	63422	1802563	28.42	5	51
scaffold_100	63168	1816611	28.76	8	55
scaffold_101	62351	1748087	28.04	7	50
scaffold_102	62322	1740949	27.93	3	51
scaffold_103	61729	1825833	29.58	7	93
scaffold_104	61604	1810553	29.39	5	62
scaffold_105	61272	1708557	27.88	4	48
scaffold_106	60902	1794836	29.47	10	52
scaffold_107	60802	1851969	30.46	8	509
scaffold_108	59657	1737215	29.12	7	52
scaffold_109	59595	1719299	28.85	3	56
scaffold_110	59410	1684817	28.36	6	61
scaffold_111	59089	1728179	29.25	7	55
scaffold_112	58477	1663037	28.44	3	117
scaffold_113	58233	1716011	29.47	5	52
scaffold_114	58125	1585691	27.28	7	50
scaffold_115	58086	1741884	29.99	6	87
scaffold_116	58012	1598901	27.56	5	61
scaffold_117	57445	1601544	27.88	5	52
scaffold_118	56989	1613685	28.32	8	52
scaffold_119	56900	1573245	27.65	4	48
scaffold_120	56018	1563369	27.91	4	57
scaffold_121	55578	1665438	29.97	6	53
scaffold_122	54915	1503282	27.37	7	59
scaffold_123	54679	1547208	28.30	7	50
scaffold_124	53609	1497145	27.93	8	52
scaffold_125	53342	1477515	27.70	5	51
scaffold_126	53004	1456735	27.48	4	51
scaffold_127	52318	1513160	28.92	11	52
scaffold_128	51688	1421217	27.50	7	51
scaffold_129	51546	1477155	28.66	3	55
scaffold_130	51291	1379857	26.90	5	59
scaffold_131	51288	1515518	29.55	11	49
scaffold_132	51213	1546174	30.19	9	53
scaffold_133	50733	1487110	29.31	6	55
scaffold_134	50645	1451791	28.67	3	54
scaffold_135	50605	1460904	28.87	9	56
scaffold_136	50392	1485929	29.49	8	54
scaffold_137	49687	1455823	29.30	9	82
scaffold_138	49223	1346197	27.35	2	49
scaffold_139	49077	1459761	29.74	12	54
scaffold_141	48739	1407885	28.89	7	72
scaffold_142	48725	1370687	28.13	7	56
scaffold_143	48100	1417617	29.47	6	52
scaffold_144	47842	1442852	30.16	3	69
scaffold_145	47107	1252282	26.58	8	52
scaffold_146	46742	1348420	28.85	9	142
scaffold_147	45734	1316439	28.78	6	54
scaffold_148	45560	1283637	28.17	5	49
scaffold_149	44856	1305037	29.09	9	61
scaffold_150	44359	1243076	28.02	7	49
scaffold_151	44334	1283535	28.95	8	57
scaffold_152	43650	1252655	28.70	6	55
scaffold_153	43628	1300552	29.81	6	112
scaffold_154	43624	1204314	27.61	5	49
scaffold_155	43398	1185513	27.32	7	54
scaffold_156	43372	1232136	28.41	8	51
scaffold_157	43174	1233674	28.57	4	112
scaffold_158	43122	1161587	26.94	4	47
scaffold_159	42846	1252226	29.23	10	114
scaffold_160	42424	1188033	28.00	7	49
scaffold_161	42317	1261896	29.82	5	56
scaffold_162	42253	1205237	28.52	7	52
scaffold_163	42151	1219147	28.92	5	48
scaffold_164	42094	1198810	28.48	9	60
scaffold_165	41766	1340306	32.09	9	76
scaffold_166	41733	1206362	28.91	6	63
scaffold_167	41671	1234943	29.64	6	89
scaffold_168	41664	1122813	26.95	5	49
scaffold_169	41360	1182506	28.59	8	48
scaffold_170	41185	1166776	28.33	4	60
scaffold_171	40584	1176274	28.98	6	53
scaffold_172	40289	1100977	27.33	4	57
scaffold_173	40126	1199627	29.90	7	56
scaffold_174	40068	1091181	27.23	5	49
scaffold_175	39953	1089910	27.28	6	53
scaffold_176	39682	1096661	27.64	5	85
scaffold_177	39501	1216190	30.79	12	56
scaffold_178	39189	1104291	28.18	5	56
scaffold_179	39009	1098858	28.17	8	50
scaffold_180	38471	1073066	27.89	6	52
scaffold_181	38366	1113388	29.02	6	52
scaffold_182	37604	1061002	28.22	7	49
scaffold_183	37519	1097161	29.24	13	49
scaffold_184	37380	1083860	29.00	6	50
scaffold_185	37361	1090220	29.18	7	48
scaffold_186	37311	1040018	27.87	6	48
scaffold_187	37257	1047330	28.11	8	49
scaffold_188	37072	1078131	29.08	9	54
scaffold_189	37063	994124	26.82	3	73
scaffold_190	37003	1076560	29.09	10	49
scaffold_191	36964	970369	26.25	4	55
scaffold_192	36457	1023774	28.08	9	46
scaffold_193	36181	985717	27.24	7	53
scaffold_194	36174	1028428	28.43	4	52
scaffold_195	36018	1016527	28.22	7	101
scaffold_196	36016	1007953	27.99	10	50
scaffold_197	35163	1003496	28.54	2	53
scaffold_198	34952	1028668	29.43	7	50
scaffold_199	34661	956010	27.58	3	51
scaffold_200	34579	1019804	29.49	11	58
scaffold_201	34380	936844	27.25	7	50
scaffold_202	34144	984838	28.84	9	50
scaffold_203	33957	938700	27.64	9	51
scaffold_204	33666	1021772	30.35	5	55
scaffold_205	33653	1002606	29.79	9	62
scaffold_206	33636	975464	29.00	8	50
scaffold_207	33608	979711	29.15	13	53
scaffold_208	33442	939652	28.10	7	51
scaffold_209	33265	951405	28.60	8	54
scaffold_210	33235	1121721	33.75	4	185
scaffold_211	33081	941598	28.46	7	88
scaffold_212	33019	879367	26.63	4	53
scaffold_213	32982	891705	27.04	8	84
scaffold_214	32486	933043	28.72	3	50
scaffold_215	32484	932175	28.70	7	50
scaffold_216	32439	900269	27.75	2	52
scaffold_217	32380	869728	26.86	4	50
scaffold_218	32276	962977	29.84	8	304
scaffold_219	32207	848764	26.35	5	50
scaffold_220	32140	916489	28.52	3	90
scaffold_221	31977	861879	26.95	8	49
scaffold_222	31142	855720	27.48	10	54
scaffold_223	30986	905774	29.23	8	51
scaffold_224	30983	975434	31.48	9	130
scaffold_225	30214	815462	26.99	7	48
scaffold_226	30086	862826	28.68	7	48
scaffold_227	30073	904795	30.09	6	51
scaffold_228	30015	840867	28.01	6	51
scaffold_229	29966	851512	28.42	10	56
scaffold_230	29622	751587	25.37	5	49
scaffold_231	28963	808050	27.90	8	47
scaffold_232	28630	749160	26.17	4	49
scaffold_233	28271	800178	28.30	7	50
scaffold_234	28020	845718	30.18	9	52
scaffold_235	27988	811405	28.99	5	48
scaffold_236	27909	857531	30.73	10	267
scaffold_237	27835	758690	27.26	6	52
scaffold_238	27717	821160	29.63	9	53
scaffold_239	27579	689521	25.00	4	53
scaffold_240	27574	796141	28.87	9	64
scaffold_241	27511	811507	29.50	11	53
scaffold_242	27331	850346	31.11	10	52
scaffold_243	27247	754803	27.70	6	54
scaffold_244	27142	812892	29.95	12	51
scaffold_245	26899	743137	27.63	5	52
scaffold_246	26756	725376	27.11	6	46
scaffold_247	26709	754578	28.25	6	53
scaffold_248	26636	706604	26.53	6	90
scaffold_249	26611	718986	27.02	6	46
scaffold_250	26546	765921	28.85	10	51
scaffold_251	26250	747422	28.47	2	49
scaffold_252	26007	1142032	43.91	9	1364
scaffold_253	25857	735348	28.44	5	48
scaffold_254	25840	712072	27.56	9	50
scaffold_255	25812	768854	29.79	2	89
scaffold_256	25381	759895	29.94	7	55
scaffold_257	25267	750898	29.72	7	52
scaffold_258	25059	692211	27.62	3	44
scaffold_259	25034	715750	28.59	5	51
scaffold_260	24993	684337	27.38	8	54
scaffold_261	24612	740495	30.09	6	53
scaffold_262	24563	656446	26.72	6	47
scaffold_263	24546	722264	29.42	3	49
scaffold_264	24410	711848	29.16	8	54
scaffold_265	24310	689706	28.37	8	48
scaffold_266	24140	694687	28.78	5	50
scaffold_267	24115	692275	28.71	9	50
scaffold_268	24097	635458	26.37	8	53
scaffold_269	23926	695749	29.08	7	65
scaffold_270	23875	644599	27.00	6	54
scaffold_271	23826	649804	27.27	6	49
scaffold_272	23692	682539	28.81	4	50
scaffold_273	23582	629574	26.70	6	46
scaffold_274	23495	595606	25.35	5	52
scaffold_275	23383	681910	29.16	9	58
scaffold_276	23148	642214	27.74	6	51
scaffold_277	22863	626300	27.39	8	51
scaffold_278	22620	544514	24.07	3	46
scaffold_279	22592	591560	26.18	7	49
scaffold_280	22482	648506	28.85	11	51
scaffold_281	22001	622429	28.29	7	49
scaffold_282	21984	578355	26.31	5	51
scaffold_283	21967	593098	27.00	10	87
scaffold_284	21954	588605	26.81	4	50
scaffold_285	21928	637853	29.09	11	52
scaffold_286	21871	640098	29.27	10	59
scaffold_287	21555	612622	28.42	8	49
scaffold_288	21523	700050	32.53	7	172
scaffold_289	21449	694771	32.39	4	108
scaffold_290	21218	578176	27.25	3	49
scaffold_291	21216	577725	27.23	7	47
scaffold_292	21087	633554	30.04	3	49
scaffold_293	20980	674008	32.13	3	244
scaffold_294	20759	599892	28.90	4	52
scaffold_295	20516	579279	28.24	8	51
scaffold_296	20442	649763	31.79	6	126
scaffold_297	20286	614815	30.31	6	54
scaffold_298	20208	546020	27.02	8	50
scaffold_299	20058	521537	26.00	7	110
scaffold_300	19720	582472	29.54	5	51
scaffold_301	19715	530405	26.90	6	48
scaffold_302	19634	512767	26.12	6	46
scaffold_303	19430	559794	28.81	5	50
scaffold_304	19306	540776	28.01	4	50
scaffold_305	19145	612206	31.98	13	83
scaffold_306	19135	544288	28.44	3	49
scaffold_307	18942	490203	25.88	4	49
scaffold_308	18555	536869	28.93	7	46
scaffold_309	18535	470830	25.40	3	47
scaffold_310	18458	511371	27.70	9	47
scaffold_311	18119	436477	24.09	7	50
scaffold_312	18117	467832	25.82	3	44
scaffold_313	17782	475746	26.75	5	48
scaffold_314	17649	504764	28.60	2	51
scaffold_315	17511	529044	30.21	9	50
scaffold_316	17454	514361	29.47	7	52
scaffold_317	17385	489678	28.17	8	53
scaffold_318	17368	628254	36.17	9	336
scaffold_319	17159	468526	27.30	3	51
scaffold_320	16922	514458	30.40	5	96
scaffold_321	16824	471354	28.02	11	50
scaffold_322	16640	482665	29.01	6	52
scaffold_323	16571	447746	27.02	7	49
scaffold_324	16483	468443	28.42	14	51
scaffold_325	16447	440817	26.80	7	48
scaffold_326	16412	468847	28.57	7	57
scaffold_327	16323	481079	29.47	7	90
scaffold_328	16301	453696	27.83	7	56
scaffold_329	16277	468921	28.81	3	51
scaffold_330	16257	575924	35.43	11	75
scaffold_331	16236	473868	29.19	10	49
scaffold_332	16097	420628	26.13	3	44
scaffold_333	16061	422093	26.28	4	46
scaffold_334	16019	430458	26.87	6	48
scaffold_335	15732	417603	26.54	4	45
scaffold_336	15545	415150	26.71	4	50
scaffold_337	15492	420419	27.14	5	46
scaffold_338	15403	411520	26.72	9	50
scaffold_339	15294	408311	26.70	5	50
scaffold_340	15248	402900	26.42	6	46
scaffold_341	15215	395877	26.02	6	48
scaffold_342	14907	355080	23.82	4	44
scaffold_343	14834	455676	30.72	10	50
scaffold_344	14773	477606	32.33	5	73
scaffold_345	14770	429136	29.05	6	52
scaffold_346	14729	398833	27.08	5	50
scaffold_347	14704	408371	27.77	5	56
scaffold_348	14634	332517	22.72	4	42
scaffold_349	14623	401175	27.43	8	48
scaffold_350	14430	413730	28.67	9	49
scaffold_351	14429	439188	30.44	12	158
scaffold_352	14140	374722	26.50	9	48
scaffold_353	14140	444430	31.43	13	51
scaffold_354	13757	395374	28.74	5	54
scaffold_355	13720	376243	27.42	7	47
scaffold_356	13467	423473	31.45	10	62
scaffold_357	13462	395575	29.38	5	46
scaffold_358	13434	468673	34.89	15	81
scaffold_359	13427	362532	27.00	10	49
scaffold_360	13148	292688	22.26	4	46
scaffold_361	13136	370436	28.20	6	49
scaffold_362	13068	423712	32.42	10	104
scaffold_363	12858	335337	26.08	3	46
scaffold_364	12833	316599	24.67	6	46
scaffold_365	12651	338745	26.78	7	46
scaffold_366	12620	348310	27.60	4	50
scaffold_367	12476	317447	25.44	8	47
scaffold_368	12415	323585	26.06	8	48
scaffold_369	12398	372593	30.05	8	51
scaffold_370	12327	330983	26.85	4	49
scaffold_371	12264	434216	35.41	10	118
scaffold_372	12263	333908	27.23	8	45
scaffold_373	12082	360742	29.86	8	75
scaffold_374	12078	417867	34.60	11	108
scaffold_375	12076	423187	35.04	10	71
scaffold_376	12007	314744	26.21	10	44
scaffold_377	11923	313766	26.32	5	45
scaffold_378	11764	333489	28.35	7	46
scaffold_379	11759	321147	27.31	9	44
scaffold_380	11606	311800	26.87	3	46
scaffold_381	11601	430500	37.11	17	94
scaffold_382	11519	295908	25.69	3	44
scaffold_383	11484	292976	25.51	9	44
scaffold_384	11450	319772	27.93	4	48
scaffold_385	11312	286354	25.31	8	49
scaffold_386	11285	718564	63.67	13	116
scaffold_387	11171	310645	27.81	9	120
scaffold_388	11114	379293	34.13	9	64
scaffold_389	11072	261917	23.66	7	42
scaffold_390	11070	264850	23.93	7	45
scaffold_391	11054	259765	23.50	6	45
scaffold_392	10849	278797	25.70	10	49
scaffold_393	10823	419626	38.77	9	469
scaffold_394	10744	279752	26.04	9	79
scaffold_395	10728	391622	36.50	13	179
scaffold_396	10643	346689	32.57	11	58
scaffold_397	10633	387747	36.47	15	216
scaffold_398	10536	336718	31.96	10	98
scaffold_399	10520	292762	27.83	4	47
scaffold_400	10466	325607	31.11	12	154
scaffold_401	10418	317185	30.45	13	49
scaffold_402	10410	294852	28.32	15	42
scaffold_403	10369	386478	37.27	18	291
scaffold_404	10359	252494	24.37	5	46
scaffold_405	10316	275128	26.67	8	51
scaffold_406	10302	275338	26.73	8	42
scaffold_407	10278	474834	46.20	13	166
scaffold_408	10183	316551	31.09	9	69
scaffold_409	10158	296078	29.15	13	46
scaffold_410	10142	299083	29.49	12	75
scaffold_411	10130	1860138	183.63	18	2563
scaffold_412	10084	278098	27.58	7	47
scaffold_413	10051	373285	37.14	9	243
scaffold_414	9792	229435	23.43	4	43
scaffold_415	9789	290442	29.67	12	50
scaffold_416	9788	242246	24.75	9	67
scaffold_417	9752	286092	29.34	10	54
scaffold_418	9741	231351	23.75	4	45
scaffold_419	9717	294710	30.33	11	48
scaffold_420	9663	239209	24.76	6	49
scaffold_421	9637	269815	28.00	2	49
scaffold_422	9592	303750	31.67	8	52
scaffold_423	9565	201496	21.07	3	43
scaffold_424	9487	206900	21.81	7	52
scaffold_425	9452	303828	32.14	16	66
scaffold_426	9412	396654	42.14	16	316
scaffold_427	9380	313672	33.44	7	105
scaffold_428	9376	259987	27.73	7	46
scaffold_429	9333	255104	27.33	7	49
scaffold_430	9299	213822	22.99	8	41
scaffold_431	9127	212468	23.28	7	44
scaffold_432	8962	333872	37.25	14	247
scaffold_433	8958	317755	35.47	8	106
scaffold_434	8949	250537	28.00	7	46
scaffold_435	8898	304120	34.18	8	137
scaffold_436	8892	201578	22.67	5	47
scaffold_437	8884	198906	22.39	4	46
scaffold_438	8740	273811	31.33	16	61
scaffold_439	8684	193403	22.27	6	41
scaffold_440	8621	250503	29.06	10	44
scaffold_441	8614	334112	38.79	8	99
scaffold_442	8529	223511	26.21	3	48
scaffold_443	8482	289960	34.19	7	75
scaffold_444	8469	1154096	136.27	7	2700
scaffold_445	8459	190100	22.47	7	37
scaffold_446	8415	219828	26.12	3	46
scaffold_447	8391	276338	32.93	11	122
scaffold_448	8385	257590	30.72	11	92
scaffold_449	8265	291899	35.32	13	102
scaffold_450	8161	259188	31.76	4	72
scaffold_451	8078	230633	28.55	11	56
scaffold_452	8076	234862	29.08	5	45
scaffold_453	7932	269266	33.95	19	55
scaffold_454	7876	174232	22.12	3	40
scaffold_455	7862	195701	24.89	6	47
scaffold_456	7804	258237	33.09	11	188
scaffold_457	7735	196404	25.39	5	45
scaffold_458	7719	190820	24.72	3	43
scaffold_459	7685	207401	26.99	8	45
scaffold_460	7660	178145	23.26	6	41
scaffold_461	7561	247685	32.76	6	55
scaffold_462	7523	259636	34.51	8	66
scaffold_463	7375	247942	33.62	9	104
scaffold_464	7373	226840	30.77	7	64
scaffold_465	7370	281201	38.15	13	136
scaffold_466	7356	256707	34.90	12	106
scaffold_467	7338	189490	25.82	3	48
scaffold_468	7323	152383	20.81	4	35
scaffold_469	7319	258991	35.39	9	280
scaffold_470	7310	297135	40.65	16	102
scaffold_471	7246	150349	20.75	2	34
scaffold_472	7239	320814	44.32	7	329
scaffold_473	7220	166175	23.02	6	40
scaffold_474	7107	192228	27.05	4	44
scaffold_475	7088	153326	21.63	5	43
scaffold_476	7064	170198	24.09	3	42
scaffold_477	7028	206990	29.45	9	49
scaffold_478	7028	12629619	1797.04	187	2656
scaffold_479	7013	162349	23.15	10	44
scaffold_480	6990	146045	20.89	5	42
scaffold_481	6950	146047	21.01	5	40
scaffold_482	6929	181193	26.15	6	47
scaffold_483	6917	174345	25.21	10	48
scaffold_484	6897	184577	26.76	10	40
scaffold_485	6854	220520	32.17	11	64
scaffold_486	6845	170453	24.90	2	42
scaffold_487	6830	195984	28.69	9	47
scaffold_488	6782	175996	25.95	5	45
scaffold_489	6781	250188	36.90	16	78
scaffold_490	6772	1209026	178.53	20	2532
scaffold_491	6761	160568	23.75	3	48
scaffold_492	6693	130413	19.48	3	35
scaffold_493	6645	251051	37.78	8	96
scaffold_494	6611	266557	40.32	8	116
scaffold_495	6559	173105	26.39	6	43
scaffold_496	6537	311238	47.61	15	170
scaffold_497	6515	236978	36.37	11	69
scaffold_498	6423	184061	28.66	5	50
scaffold_499	6408	145629	22.73	6	38
scaffold_500	6372	240508	37.74	20	299
scaffold_501	6370	150288	23.59	5	41
scaffold_502	6349	169019	26.62	8	43
scaffold_503	6327	215324	34.03	14	59
scaffold_504	6276	149365	23.80	6	37
scaffold_505	6253	173934	27.82	6	69
scaffold_506	6206	129389	20.85	5	43
scaffold_507	6206	228171	36.77	13	116
scaffold_508	6167	205056	33.25	13	50
scaffold_509	6148	150474	24.48	5	45
scaffold_510	6142	170066	27.69	6	50
scaffold_511	6112	415091	67.91	14	1244
scaffold_512	6077	211339	34.78	10	64
scaffold_513	6041	299609	49.60	19	426
scaffold_514	5965	216055	36.22	10	239
scaffold_515	5867	228051	38.87	14	89
scaffold_516	5835	155024	26.57	6	47
scaffold_517	5766	152779	26.50	3	46
scaffold_518	5704	153882	26.98	5	72
scaffold_519	5681	118334	20.83	4	38
scaffold_520	5677	150581	26.52	14	41
scaffold_521	5618	166454	29.63	9	51
scaffold_522	5590	119326	21.35	6	44
scaffold_523	5585	118347	21.19	7	37
scaffold_524	5585	130250	23.32	8	42
scaffold_525	5523	171374	31.03	12	103
scaffold_526	5521	367708	66.60	16	295
scaffold_527	5497	113842	20.71	4	38
scaffold_528	5495	192684	35.07	10	163
scaffold_529	5490	205223	37.38	9	283
scaffold_530	5482	111059	20.26	6	40
scaffold_531	5387	89163	16.55	5	34
scaffold_532	5317	188282	35.41	6	54
scaffold_533	5258	166582	31.68	13	57
scaffold_534	5256	103387	19.67	3	34
scaffold_535	5228	125263	23.96	5	44
scaffold_536	5217	156712	30.04	12	54
scaffold_537	5199	347567	66.85	28	111
scaffold_538	5172	6633522	1282.58	33	2381
scaffold_539	5171	107947	20.88	5	40
scaffold_540	5158	118096	22.90	4	46
scaffold_541	5147	155427	30.20	16	59
scaffold_542	5030	115094	22.88	12	37
scaffold_543	4990	200147	40.11	10	123
scaffold_544	4977	137256	27.58	7	47
scaffold_545	4950	211929	42.81	7	95
scaffold_546	4943	116035	23.47	6	41
scaffold_547	4863	108468	22.30	9	43
scaffold_548	4859	99512	20.48	6	42
scaffold_549	4830	112624	23.32	5	42
scaffold_550	4794	107163	22.35	7	39
scaffold_551	4782	165675	34.65	15	59
scaffold_552	4779	98433	20.60	4	37
scaffold_553	4776	401121	83.99	27	295
scaffold_554	4744	94056	19.83	5	35
scaffold_555	4740	130358	27.50	7	46
scaffold_556	4719	163536	34.65	9	48
scaffold_557	4672	144287	30.88	7	50
scaffold_558	4668	92640	19.85	5	37
scaffold_559	4664	83692	17.94	2	32
scaffold_560	4600	301699	65.59	32	94
scaffold_561	4597	108301	23.56	6	40
scaffold_562	4592	121149	26.38	12	41
scaffold_563	4585	105744	23.06	7	39
scaffold_564	4578	104990	22.93	8	36
scaffold_565	4546	149855	32.96	6	64
scaffold_566	4518	161907	35.84	17	71
scaffold_567	4518	242345	53.64	13	208
scaffold_568	4510	159619	35.39	9	77
scaffold_569	4488	166376	37.07	10	146
scaffold_570	4478	169687	37.89	13	126
scaffold_571	4471	197393	44.15	3	137
scaffold_572	4459	91138	20.44	8	39
scaffold_573	4445	73584	16.55	4	36
scaffold_574	4404	171238	38.88	11	84
scaffold_575	4381	232340	53.03	8	351
scaffold_576	4347	98845	22.74	4	38
scaffold_577	4339	87252	20.11	7	34
scaffold_578	4298	89810	20.90	7	35
scaffold_579	4268	161569	37.86	6	73
scaffold_580	4267	100132	23.47	5	43
scaffold_581	4225	106163	25.13	8	37
scaffold_582	4221	91644	21.71	7	36
scaffold_583	4192	85363	20.36	8	35
scaffold_584	4191	473937	113.08	8	427
scaffold_585	4190	85146	20.32	5	40
scaffold_586	4121	94496	22.93	5	42
scaffold_587	4111	94782	23.06	8	38
scaffold_588	4104	76239	18.58	5	31
scaffold_589	4097	78381	19.13	7	38
scaffold_590	4097	115193	28.12	9	57
scaffold_591	4085	102100	24.99	7	40
scaffold_592	4052	92140	22.74	7	38
scaffold_593	4031	115474	28.65	9	62
scaffold_594	3971	92527	23.30	7	40
scaffold_595	3963	107903	27.23	4	41
scaffold_596	3941	81958	20.80	6	44
scaffold_597	3933	126353	32.13	7	334
scaffold_598	3927	67479	17.18	4	32
scaffold_599	3926	93430	23.80	8	40
scaffold_600	3895	105045	26.97	5	42
scaffold_601	3892	224348	57.64	15	78
scaffold_602	3867	135047	34.92	17	51
scaffold_603	3855	116789	30.30	18	49
scaffold_604	3846	138450	36.00	13	73
scaffold_605	3832	118846	31.01	10	52
scaffold_606	3819	102086	26.73	8	50
scaffold_607	3806	656871	172.59	120	551
scaffold_608	3801	88200	23.20	4	43
scaffold_609	3794	77446	20.41	5	38
scaffold_610	3793	89476	23.59	6	37
scaffold_611	3773	88293	23.40	7	40
scaffold_612	3767	83461	22.16	5	37
scaffold_613	3760	115946	30.84	9	53
scaffold_614	3699	149719	40.48	17	97
scaffold_615	3673	201407	54.83	6	127
scaffold_616	3631	60829	16.75	6	31
scaffold_617	3601	129543	35.97	11	57
scaffold_618	3597	72024	20.02	4	36
scaffold_619	3595	109013	30.32	20	47
scaffold_620	3593	91110	25.36	7	45
scaffold_621	3577	188369	52.66	12	263
scaffold_622	3571	80745	22.61	5	36
scaffold_623	3537	82205	23.24	6	43
scaffold_624	3528	69992	19.84	6	36
scaffold_625	3489	117906	33.79	7	53
scaffold_626	3484	78655	22.58	6	37
scaffold_627	3470	66328	19.11	3	33
scaffold_628	3460	68384	19.76	4	35
scaffold_629	3435	96918	28.21	5	45
scaffold_630	3423	59845	17.48	4	34
scaffold_631	3415	88177	25.82	5	42
scaffold_632	3395	67177	19.79	4	34
scaffold_633	3365	75144	22.33	10	38
scaffold_634	3334	65555	19.66	3	37
scaffold_635	3299	69603	21.10	8	41
scaffold_636	3277	72759	22.20	5	38
scaffold_637	3268	81329	24.89	8	34
scaffold_638	3266	108319	33.17	8	51
scaffold_639	3253	217321	66.81	28	99
scaffold_640	3251	76911	23.66	5	43
scaffold_641	3228	56827	17.60	4	38
scaffold_642	3223	108102	33.54	18	64
scaffold_643	3222	82517	25.61	8	40
scaffold_644	3211	161805	50.39	22	118
scaffold_645	3211	65371	20.36	3	47
scaffold_646	3195	101782	31.86	4	53
scaffold_647	3188	107642	33.76	8	67
scaffold_648	3175	73426	23.13	6	43
scaffold_649	3165	61957	19.58	8	44
scaffold_650	3147	187994	59.74	19	81
scaffold_651	3133	71792	22.91	3	36
scaffold_652	3128	63587	20.33	6	38
scaffold_653	3125	63108	20.19	5	34
scaffold_654	3125	78501	25.12	6	46
scaffold_655	3123	257858	82.57	18	198
scaffold_656	3121	96497	30.92	6	49
scaffold_657	3111	202736	65.17	45	115
scaffold_658	3094	101804	32.90	19	53
scaffold_659	3087	51216	16.59	4	30
scaffold_660	3053	90178	29.54	16	42
scaffold_661	3049	95458	31.31	15	55
scaffold_662	3031	61799	20.39	3	35
scaffold_663	3017	71118	23.57	4	40
scaffold_664	3011	74651	24.79	7	40
scaffold_665	3007	104121	34.63	17	56
scaffold_666	3000	200819	66.94	8	159
scaffold_667	2996	68124	22.74	6	37
scaffold_668	2976	58740	19.74	4	39
scaffold_669	2969	100609	33.89	6	57
scaffold_670	2963	70582	23.82	8	37
scaffold_671	2921	77233	26.44	7	43
scaffold_672	2916	64086	21.98	5	41
scaffold_673	2870	74835	26.07	12	43
scaffold_674	2833	56270	19.86	6	36
scaffold_675	2807	70000	24.94	8	37
scaffold_676	2776	69879	25.17	9	40
scaffold_677	2766	62375	22.55	5	86
scaffold_678	2760	85678	31.04	2	49
scaffold_679	2757	176815	64.13	13	250
scaffold_680	2739	301643	110.13	15	399
scaffold_681	2731	61223	22.42	8	34
scaffold_682	2730	82640	30.27	9	45
scaffold_683	2722	84827	31.16	15	44
scaffold_684	2716	387678	142.74	11	574
scaffold_685	2710	70522	26.02	14	40
scaffold_686	2702	117591	43.52	17	276
scaffold_687	2697	107322	39.79	14	67
scaffold_688	2693	56634	21.03	6	34
scaffold_689	2681	88395	32.97	14	49
scaffold_690	2675	54065	20.21	6	36
scaffold_691	2657	39427	14.84	2	31
scaffold_692	2648	55945	21.13	6	40
scaffold_693	2638	60581	22.96	7	47
scaffold_694	2634	66871	25.39	2	41
scaffold_695	2628	56163	21.37	3	36
scaffold_696	2621	213699	81.53	6	215
scaffold_697	2613	67233	25.73	13	41
scaffold_698	2585	118303	45.77	8	115
scaffold_699	2555	254138	99.47	8	393
scaffold_700	2552	50150	19.65	9	30
scaffold_701	2540	166418	65.52	29	96
scaffold_702	2535	89334	35.24	14	58
scaffold_703	2531	50640	20.01	5	35
scaffold_704	2523	64352	25.51	11	39
scaffold_705	2491	55796	22.40	5	40
scaffold_706	2484	49231	19.82	2	36
scaffold_707	2480	56634	22.84	7	40
scaffold_708	2465	59927	24.31	13	42
scaffold_709	2464	61645	25.02	7	42
scaffold_710	2437	46529	19.09	4	42
scaffold_711	2430	85341	35.12	11	52
scaffold_712	2421	151351	62.52	15	152
scaffold_713	2408	47586	19.76	6	35
scaffold_714	2403	94946	39.51	10	78
scaffold_715	2389	91461	38.28	6	91
scaffold_716	2382	60514	25.40	6	37
scaffold_717	2380	58697	24.66	3	44
scaffold_718	2365	88297	37.33	14	168
scaffold_719	2351	45785	19.47	6	36
scaffold_720	2348	160711	68.45	7	139
scaffold_721	2346	293178	124.97	9	312
scaffold_722	2342	103894	44.36	7	101
scaffold_723	2339	130714	55.88	11	104
scaffold_724	2336	169300	72.47	15	161
scaffold_725	2334	178307	76.40	10	179
scaffold_726	2329	37994	16.31	5	32
scaffold_727	2322	56611	24.38	11	37
scaffold_728	2317	105152	45.38	5	74
scaffold_729	2300	37619	16.36	3	27
scaffold_730	2291	53230	23.23	6	41
scaffold_731	2272	138488	60.95	10	152
scaffold_732	2269	74675	32.91	15	59
scaffold_733	2268	101587	44.79	14	85
scaffold_734	2259	74441	32.95	16	49
scaffold_735	2255	76990	34.14	13	50
scaffold_736	2243	244122	108.84	14	555
scaffold_737	2243	146226	65.19	24	88
scaffold_738	2236	42924	19.20	6	35
scaffold_739	2200	47407	21.55	4	41
scaffold_740	2192	52160	23.80	9	41
scaffold_741	2185	149686	68.51	11	144
scaffold_742	2179	83433	38.29	17	72
scaffold_743	2176	68858	31.64	18	56
scaffold_744	2163	44896	20.76	6	35
scaffold_745	2158	37489	17.37	4	27
scaffold_746	2146	46959	21.88	11	32
scaffold_747	2139	94615	44.23	10	121
scaffold_748	2121	71247	33.59	13	51
scaffold_749	2121	1372486	647.09	19	2619
scaffold_750	2102	40519	19.28	6	31
scaffold_751	2087	74786	35.83	4	77
scaffold_752	2085	55481	26.61	9	41
scaffold_753	2076	107188	51.63	8	201
scaffold_754	2065	44037	21.33	2	39
scaffold_755	2058	47342	23.00	9	32
scaffold_756	2052	38220	18.63	3	31
scaffold_757	2048	48373	23.62	8	37
scaffold_758	2045	65767	32.16	20	52
scaffold_759	2042	33791	16.55	4	33
scaffold_760	2039	44213	21.68	4	34
scaffold_761	2034	56492	27.77	7	43
scaffold_762	2030	31481	15.51	3	25
scaffold_763	2027	36114	17.82	7	35
scaffold_764	2026	168529	83.18	6	234
scaffold_765	2025	43927	21.69	2	39
scaffold_766	2016	54350	26.96	10	39
scaffold_767	2009	93579	46.58	9	94
scaffold_768	2006	58006	28.92	8	52
scaffold_769	2000	34454	17.23	7	28
scaffold_770	1994	51042	25.60	11	45
scaffold_771	1992	41410	20.79	7	33
scaffold_772	1990	69865	35.11	9	81
scaffold_773	1985	31413	15.83	3	28
scaffold_774	1980	50628	25.57	10	43
scaffold_775	1972	65617	33.27	21	49
scaffold_776	1960	369353	188.45	11	1184
scaffold_777	1958	47276	24.15	7	42
scaffold_778	1950	66363	34.03	5	60
scaffold_779	1949	50933	26.13	6	40
scaffold_780	1935	49990	25.83	12	42
scaffold_781	1934	36199	18.72	4	31
scaffold_782	1903	33003	17.34	5	31
scaffold_783	1892	139464	73.71	9	200
scaffold_784	1887	124422	65.94	14	241
scaffold_785	1883	114247	60.67	14	379
scaffold_786	1872	35006	18.70	4	29
scaffold_787	1866	133836	71.72	9	175
scaffold_788	1861	39300	21.12	8	32
scaffold_789	1853	32031	17.29	3	34
scaffold_790	1850	34185	18.48	5	31
scaffold_791	1840	30808	16.74	2	27
scaffold_792	1830	83296	45.52	7	99
scaffold_793	1829	34528	18.88	0	33
scaffold_794	1818	105777	58.18	12	121
scaffold_795	1817	92698	51.02	9	128
scaffold_796	1816	106736	58.78	11	129
scaffold_797	1808	91068	50.37	12	94
scaffold_798	1807	117211	64.86	12	210
scaffold_799	1804	35921	19.91	8	35
scaffold_800	1793	111643	62.27	20	131
scaffold_801	1790	65374	36.52	6	62
scaffold_802	1786	40483	22.67	7	37
scaffold_803	1777	32275	18.16	2	39
scaffold_804	1770	31672	17.89	5	29
scaffold_805	1766	48024	27.19	10	41
scaffold_806	1766	58914	33.36	5	61
scaffold_807	1762	52711	29.92	7	44
scaffold_808	1756	34617	19.71	7	29
scaffold_809	1740	67336	38.70	12	78
scaffold_810	1731	39281	22.69	6	36
scaffold_811	1728	36441	21.09	10	32
scaffold_812	1715	58474	34.10	14	58
scaffold_813	1712	93660	54.71	13	105
scaffold_814	1709	29719	17.39	3	28
scaffold_815	1709	57143	33.44	10	67
scaffold_816	1708	39178	22.94	11	41
scaffold_817	1693	115568	68.26	13	130
scaffold_818	1688	40608	24.06	10	41
scaffold_819	1684	165213	98.11	8	230
scaffold_820	1684	146555	87.03	11	235
scaffold_821	1681	45274	26.93	13	40
scaffold_822	1679	158405	94.34	13	778
scaffold_823	1666	32640	19.59	7	34
scaffold_824	1663	91620	55.09	8	131
scaffold_825	1654	49267	29.79	11	44
scaffold_826	1650	28337	17.17	6	29
scaffold_827	1644	33766	20.54	7	38
scaffold_828	1627	248781	152.91	12	456
scaffold_829	1623	27152	16.73	5	26
scaffold_830	1622	129894	80.08	9	239
scaffold_831	1621	64186	39.60	10	94
scaffold_832	1615	57986	35.90	6	60
scaffold_833	1614	34077	21.11	4	34
scaffold_834	1613	165150	102.39	16	200
scaffold_835	1613	69173	42.88	15	141
scaffold_836	1605	99056	61.72	14	163
scaffold_837	1597	304073	190.40	18	2106
scaffold_838	1592	69104	43.41	18	88
scaffold_839	1587	33224	20.94	8	35
scaffold_840	1587	40978	25.82	10	44
scaffold_841	1585	36782	23.21	12	36
scaffold_843	1578	50374	31.92	14	44
scaffold_844	1578	38565	24.44	7	39
scaffold_845	1572	627743	399.33	19	1653
scaffold_846	1568	32442	20.69	4	38
scaffold_847	1567	56601	36.12	23	51
scaffold_848	1563	58432	37.38	5	115
scaffold_849	1559	88907	57.03	17	97
scaffold_850	1551	56138	36.19	7	62
scaffold_851	1543	82112	53.22	8	281
scaffold_852	1543	106707	69.16	6	122
scaffold_853	1538	79759	51.86	5	91
scaffold_854	1532	66353	43.31	10	74
scaffold_855	1529	63084	41.26	13	84
scaffold_856	1527	36625	23.98	3	36
scaffold_857	1523	146084	95.92	9	227
scaffold_858	1518	20134	13.26	4	22
scaffold_859	1513	101313	66.96	16	189
scaffold_860	1512	111920	74.02	13	138
scaffold_861	1512	37194	24.60	6	38
scaffold_862	1508	27639	18.33	4	30
scaffold_863	1501	19377	12.91	4	22
scaffold_864	1501	38852	25.88	15	35
scaffold_865	1500	46296	30.86	12	41
scaffold_866	1490	86193	57.85	15	169
scaffold_867	1485	30111	20.28	9	29
scaffold_868	1479	185361	125.33	8	283
scaffold_869	1479	1941443	1312.67	16	2170
scaffold_870	1475	61157	41.46	15	68
scaffold_871	1473	54786	37.19	9	82
scaffold_872	1465	20533	14.02	3	28
scaffold_873	1459	130027	89.12	10	216
scaffold_874	1457	53482	36.71	11	61
scaffold_875	1454	25689	17.67	5	28
scaffold_876	1452	25326	17.44	3	34
scaffold_877	1450	31924	22.02	12	35
scaffold_878	1449	63811	44.04	9	75
scaffold_879	1444	112514	77.92	16	357
scaffold_880	1443	52341	36.27	16	63
scaffold_881	1442	29254	20.29	7	30
scaffold_882	1435	140014	97.57	5	199
scaffold_883	1423	35403	24.88	7	37
scaffold_884	1419	33319	23.48	4	36
scaffold_885	1413	117895	83.44	17	127
scaffold_886	1411	42525	30.14	10	85
scaffold_887	1406	25798	18.35	4	128
scaffold_888	1399	46349	33.13	10	46
scaffold_889	1397	53186	38.07	13	94
scaffold_890	1397	52800	37.80	12	58
scaffold_891	1383	25384	18.35	6	31
scaffold_892	1376	89258	64.87	6	109
scaffold_893	1375	21057	15.31	3	26
scaffold_894	1372	95263	69.43	16	174
scaffold_895	1367	94854	69.39	9	136
scaffold_896	1366	124135	90.87	12	171
scaffold_897	1365	26520	19.43	7	30
scaffold_898	1354	71601	52.88	9	84
scaffold_899	1352	16842	12.46	4	20
scaffold_900	1345	59280	44.07	10	82
scaffold_901	1341	20269	15.11	3	72
scaffold_902	1338	148614	111.07	8	295
scaffold_903	1330	115958	87.19	3	191
scaffold_904	1328	32675	24.60	3	37
scaffold_905	1321	23704	17.94	3	27
scaffold_906	1320	46202	35.00	6	52
scaffold_907	1320	31487	23.85	5	37
scaffold_908	1309	91334	69.77	5	154
scaffold_909	1308	68757	52.57	6	123
scaffold_910	1299	34949	26.90	7	37
scaffold_911	1299	55189	42.49	8	75
scaffold_912	1298	58951	45.42	12	131
scaffold_913	1297	501058	386.32	7	971
scaffold_914	1287	25907	20.13	8	33
scaffold_915	1280	25731	20.10	7	36
scaffold_916	1277	23057	18.06	4	28
scaffold_917	1277	45114	35.33	8	62
scaffold_918	1275	54858	43.03	9	69
scaffold_919	1273	69902	54.91	8	111
scaffold_920	1271	28592	22.50	4	36
scaffold_921	1271	88559	69.68	10	120
scaffold_922	1270	43336	34.12	9	48
scaffold_923	1265	33932	26.82	7	38
scaffold_924	1263	89254	70.67	7	203
scaffold_925	1263	182670	144.63	12	486
scaffold_926	1245	89810	72.14	12	127
scaffold_927	1240	89971	72.56	8	154
scaffold_928	1237	52402	42.36	7	82
scaffold_929	1233	29303	23.77	10	36
scaffold_930	1233	27622	22.40	12	32
scaffold_931	1231	26182	21.27	7	37
scaffold_932	1228	35135	28.61	9	41
scaffold_933	1207	23381	19.37	6	29
scaffold_934	1202	24822	20.65	5	33
scaffold_935	1194	67020	56.13	28	121
scaffold_936	1187	43734	36.84	19	58
scaffold_937	1186	137477	115.92	11	312
scaffold_938	1184	37272	31.48	18	46
scaffold_939	1176	24627	20.94	12	33
scaffold_940	1170	48351	41.33	6	72
scaffold_941	1165	70209	60.27	13	129
scaffold_942	1165	52798	45.32	17	73
scaffold_943	1164	25979	22.32	3	36
scaffold_944	1163	23644	20.33	8	30
scaffold_945	1155	48399	41.90	12	70
scaffold_946	1142	51960	45.50	23	72
scaffold_947	1133	103276	91.15	15	152
scaffold_948	1132	54576	48.21	12	93
scaffold_949	1132	93258	82.38	7	190
scaffold_950	1128	52900	46.90	14	77
scaffold_951	1126	15868	14.09	4	24
scaffold_952	1126	88464	78.56	6	224
scaffold_953	1124	105041	93.45	13	170
scaffold_954	1118	137973	123.41	14	240
scaffold_955	1118	26058	23.31	8	39
scaffold_956	1116	16868	15.11	3	25
scaffold_957	1116	23645	21.19	10	29
scaffold_958	1112	43471	39.09	6	55
scaffold_959	1111	76796	69.12	8	207
scaffold_960	1110	21794	19.63	6	33
scaffold_961	1108	19583	17.67	5	32
scaffold_962	1098	12617	11.49	4	20
scaffold_963	1098	54044	49.22	6	109
scaffold_964	1094	18341	16.77	8	24
scaffold_965	1090	17295	15.87	7	25
scaffold_966	1087	30007	27.61	11	34
scaffold_967	1087	20939	19.26	4	38
scaffold_968	1084	42788	39.47	14	53
scaffold_969	1080	32467	30.06	10	70
scaffold_970	1079	47173	43.72	7	64
scaffold_971	1070	40967	38.29	17	54
scaffold_972	1065	80481	75.57	11	206
scaffold_973	1064	116881	109.85	9	194
scaffold_974	1062	87810	82.68	14	199
scaffold_975	1059	22819	21.55	4	34
scaffold_976	1057	60584	57.32	9	90
scaffold_977	1051	13110	12.47	4	21
scaffold_978	1049	202618	193.15	20	451
scaffold_979	1048	22152	21.14	2	36
scaffold_980	1047	20206	19.30	7	30
scaffold_981	1038	9579	9.23	3	16
scaffold_982	1038	18822	18.13	6	30
scaffold_983	1036	10691	10.32	5	17
scaffold_984	1034	42055	40.67	13	72
scaffold_985	1033	65173	63.09	13	153
scaffold_986	1029	17487	16.99	6	28
scaffold_987	1025	13442	13.11	7	23
scaffold_988	1022	23909	23.39	8	40
scaffold_989	1013	16380	16.17	5	31
scaffold_990	1011	39330	38.90	25	70
scaffold_991	1009	19270	19.10	8	28
scaffold_992	1008	97972	97.19	11	210
scaffold_993	1007	83503	82.92	12	203
scaffold_994	1005	16460	16.38	7	28
scaffold_995	1003	56779	56.61	16	87
total	20868316	670896754	32.15	0	2700
