chrom	length	bases	mean	min	max
mt	53563	27767576	518.41	186	721
scaffold_1	229088	5697714	24.87	6	49
scaffold_2	204835	5189930	25.34	5	71
scaffold_3	195883	4846968	24.74	6	53
scaffold_4	181790	4609330	25.36	5	56
scaffold_5	167596	4224671	25.21	4	54
scaffold_6	166395	4046495	24.32	3	47
scaffold_7	147014	3745470	25.48	5	568
scaffold_8	141611	3534059	24.96	4	52
scaffold_9	133589	3389026	25.37	4	52
scaffold_10	125370	3197754	25.51	3	54
scaffold_11	121117	3178082	26.24	7	742
scaffold_12	120710	2900205	24.03	5	106
scaffold_13	118942	2945029	24.76	4	52
scaffold_14	118773	2901925	24.43	3	51
scaffold_15	118160	3032919	25.67	8	49
scaffold_16	115208	2896484	25.14	5	52
scaffold_17	114774	2942926	25.64	1	832
scaffold_18	113138	2802935	24.77	4	48
scaffold_19	110901	2817005	25.40	5	49
scaffold_20	109407	2663227	24.34	7	48
scaffold_21	109369	2843518	26.00	7	51
scaffold_22	108383	2792584	25.77	4	54
scaffold_23	105802	2613686	24.70	6	49
scaffold_24	104910	2647660	25.24	7	49
scaffold_25	103801	2617130	25.21	4	50
scaffold_26	102693	2519056	24.53	4	51
scaffold_27	102664	2556431	24.90	4	47
scaffold_28	102422	2598599	25.37	4	54
scaffold_29	101801	2607199	25.61	4	48
scaffold_30	100666	2561169	25.44	4	51
scaffold_31	100221	2573339	25.68	5	51
scaffold_32	99871	2485301	24.89	5	49
scaffold_33	98454	2389348	24.27	6	52
scaffold_34	97180	2421261	24.92	5	52
scaffold_35	94913	2354458	24.81	5	50
scaffold_36	94441	2349575	24.88	5	52
scaffold_37	94228	2269999	24.09	5	45
scaffold_38	93643	2355780	25.16	5	50
scaffold_39	93484	2313756	24.75	7	47
scaffold_40	91906	2419950	26.33	6	258
scaffold_41	91728	2292664	24.99	5	50
scaffold_42	91563	2338981	25.55	6	53
scaffold_43	91431	2312640	25.29	4	53
scaffold_44	90953	2209498	24.29	4	50
scaffold_45	90398	2180948	24.13	6	48
scaffold_46	90217	2232522	24.75	4	51
scaffold_47	86971	2165795	24.90	6	47
scaffold_48	84826	2088558	24.62	5	51
scaffold_49	84633	2024820	23.92	3	49
scaffold_50	83209	2097082	25.20	8	51
scaffold_51	81920	2075348	25.33	7	47
scaffold_52	81207	1882639	23.18	6	58
scaffold_53	81126	2070252	25.52	5	116
scaffold_54	81025	2051322	25.32	5	125
scaffold_55	80092	2004672	25.03	4	63
scaffold_56	78784	2008155	25.49	5	49
scaffold_57	77693	2016406	25.95	3	52
scaffold_58	77583	1895763	24.44	6	48
scaffold_59	74949	1802265	24.05	6	48
scaffold_60	74185	1841611	24.82	4	109
scaffold_61	74032	1805386	24.39	5	50
scaffold_62	73371	1987285	27.09	9	79
scaffold_63	73117	1779004	24.33	2	45
scaffold_64	73062	1870031	25.60	4	45
scaffold_65	72517	1844044	25.43	5	50
scaffold_66	71324	1882691	26.40	5	53
scaffold_67	71279	1789094	25.10	8	345
scaffold_68	70769	1864744	26.35	5	233
scaffold_69	69578	1716692	24.67	5	54
scaffold_70	68997	1725948	25.01	6	47
scaffold_71	67991	1759030	25.87	4	80
scaffold_72	67909	1817765	26.77	4	252
scaffold_73	67617	1522043	22.51	3	46
scaffold_74	67591	1680971	24.87	6	46
scaffold_75	66999	1576911	23.54	6	47
scaffold_76	66774	1654505	24.78	5	47
scaffold_77	66728	1653973	24.79	5	49
scaffold_78	66066	1677432	25.39	3	254
scaffold_79	65722	1673973	25.47	4	71
scaffold_80	65044	1634173	25.12	3	52
scaffold_81	64757	1600857	24.72	6	49
scaffold_82	64729	1601675	24.74	4	44
scaffold_83	64352	1666062	25.89	7	50
scaffold_84	64128	1608096	25.08	3	47
scaffold_85	63168	1572681	24.90	4	54
scaffold_86	63114	1648753	26.12	7	135
scaffold_87	62502	1618555	25.90	5	50
scaffold_88	62309	1547554	24.84	4	48
scaffold_89	61554	1552434	25.22	5	46
scaffold_90	61424	1546355	25.18	3	47
scaffold_91	61180	1574774	25.74	7	46
scaffold_92	60352	1534838	25.43	4	47
scaffold_93	60056	1491746	24.84	6	48
scaffold_94	60051	1509812	25.14	3	139
scaffold_95	59412	1404209	23.64	6	46
scaffold_96	59236	1449491	24.47	8	46
scaffold_97	58585	1454240	24.82	4	49
scaffold_98	58563	1436062	24.52	4	50
scaffold_99	58509	1446112	24.72	4	67
scaffold_100	58408	1437301	24.61	8	60
scaffold_101	57798	1376746	23.82	4	74
scaffold_102	57714	1475831	25.57	8	50
scaffold_103	57084	1417038	24.82	4	64
scaffold_104	56978	1435660	25.20	3	50
scaffold_105	55712	1400463	25.14	6	48
scaffold_106	55561	1452544	26.14	5	47
scaffold_107	55488	1360297	24.52	4	50
scaffold_108	55408	1283155	23.16	4	44
scaffold_109	55377	1323639	23.90	6	120
scaffold_110	54306	1387489	25.55	5	49
scaffold_111	54212	1405229	25.92	5	50
scaffold_112	54101	1302065	24.07	3	44
scaffold_113	53964	1335034	24.74	2	48
scaffold_114	53827	1286135	23.89	5	291
scaffold_115	53753	1310615	24.38	7	46
scaffold_116	53641	1298775	24.21	5	55
scaffold_117	53511	1429237	26.71	5	163
scaffold_118	53180	1386142	26.07	6	55
scaffold_119	52979	1366363	25.79	4	99
scaffold_120	52870	1280268	24.22	3	47
scaffold_121	52614	1329994	25.28	7	44
scaffold_122	52526	1314638	25.03	6	53
scaffold_123	52350	1293347	24.71	6	48
scaffold_124	51423	1186471	23.07	3	47
scaffold_125	51233	1271647	24.82	5	46
scaffold_126	51181	1323692	25.86	5	44
scaffold_127	49859	1221395	24.50	7	50
scaffold_128	49666	1193442	24.03	7	45
scaffold_129	49663	1152355	23.20	5	50
scaffold_130	49551	1222617	24.67	4	48
scaffold_131	49542	1257371	25.38	3	46
scaffold_132	49388	1207565	24.45	5	58
scaffold_133	49312	1144471	23.21	5	46
scaffold_134	48960	1202212	24.55	4	125
scaffold_135	48746	1173531	24.07	5	49
scaffold_136	48304	1043029	21.59	3	47
scaffold_137	47951	1246024	25.99	8	75
scaffold_138	47478	1162118	24.48	6	48
scaffold_139	47010	1241123	26.40	6	56
scaffold_140	46839	1200620	25.63	6	49
scaffold_141	46732	1211174	25.92	7	133
scaffold_142	46058	1104553	23.98	6	90
scaffold_143	45299	1223794	27.02	8	392
scaffold_144	45238	1131147	25.00	9	46
scaffold_145	44803	1132926	25.29	7	46
scaffold_146	44743	1130042	25.26	8	54
scaffold_147	44563	1136710	25.51	7	45
scaffold_148	44446	1059463	23.84	4	47
scaffold_149	44428	997309	22.45	2	45
scaffold_150	44353	1063264	23.97	6	57
scaffold_151	44243	1030857	23.30	4	42
scaffold_153	44036	1112264	25.26	7	71
scaffold_154	43955	1073724	24.43	4	41
scaffold_155	43859	998811	22.77	3	51
scaffold_156	43676	1076892	24.66	3	51
scaffold_157	43613	1046801	24.00	6	56
scaffold_158	43519	1064780	24.47	4	45
scaffold_159	43430	1062790	24.47	6	43
scaffold_160	43202	1106506	25.61	6	49
scaffold_161	43060	1126905	26.17	3	46
scaffold_162	42484	953547	22.44	4	44
scaffold_163	42434	994626	23.44	2	45
scaffold_164	42362	1009444	23.83	4	49
scaffold_165	42153	1062549	25.21	5	45
scaffold_166	41833	1049479	25.09	4	44
scaffold_167	41773	1007359	24.12	5	47
scaffold_168	41670	1037438	24.90	10	45
scaffold_169	41644	1055138	25.34	3	62
scaffold_170	40977	986611	24.08	3	45
scaffold_171	40967	1101331	26.88	6	215
scaffold_172	40835	1006574	24.65	7	46
scaffold_173	40808	1001950	24.55	3	56
scaffold_174	40515	981996	24.24	4	77
scaffold_175	40236	1010532	25.12	5	47
scaffold_176	40166	941335	23.44	6	54
scaffold_177	39925	979898	24.54	6	48
scaffold_178	39636	991908	25.03	5	43
scaffold_179	39555	1037574	26.23	8	64
scaffold_180	39503	1007154	25.50	2	46
scaffold_181	39081	920457	23.55	7	44
scaffold_182	39073	902138	23.09	4	65
scaffold_183	39069	1008011	25.80	6	199
scaffold_184	39034	933708	23.92	5	43
scaffold_185	38450	890994	23.17	4	44
scaffold_186	38443	1025650	26.68	4	49
scaffold_187	38443	917882	23.88	4	47
scaffold_188	38348	995145	25.95	4	47
scaffold_189	37517	925162	24.66	4	49
scaffold_190	37366	883549	23.65	4	48
scaffold_191	37301	884954	23.72	9	61
scaffold_192	37073	920963	24.84	5	43
scaffold_193	36994	943521	25.50	6	47
scaffold_194	36977	913531	24.71	7	43
scaffold_195	36548	869771	23.80	6	48
scaffold_196	36193	898940	24.84	4	48
scaffold_197	35994	837580	23.27	7	44
scaffold_198	35785	897362	25.08	4	47
scaffold_199	35747	909800	25.45	3	66
scaffold_200	35034	856354	24.44	2	41
scaffold_201	34957	789685	22.59	5	141
scaffold_202	34783	864279	24.85	4	50
scaffold_203	34636	934565	26.98	7	50
scaffold_204	34631	873364	25.22	5	46
scaffold_205	34466	817385	23.72	3	45
scaffold_206	34338	828052	24.11	4	46
scaffold_207	33985	837468	24.64	7	45
scaffold_208	33929	799664	23.57	4	44
scaffold_209	33739	832868	24.69	7	44
scaffold_210	33674	865713	25.71	4	48
scaffold_211	33636	860832	25.59	9	53
scaffold_212	33351	766970	23.00	7	48
scaffold_213	33255	819120	24.63	6	47
scaffold_214	33107	825662	24.94	7	47
scaffold_215	32794	832283	25.38	6	46
scaffold_216	32724	764429	23.36	5	47
scaffold_217	32336	794026	24.56	7	47
scaffold_218	32289	804279	24.91	8	48
scaffold_219	32179	802123	24.93	8	43
scaffold_220	32092	783175	24.40	8	45
scaffold_221	32003	816058	25.50	6	46
scaffold_222	31932	761930	23.86	2	46
scaffold_223	31806	788287	24.78	3	297
scaffold_224	31712	798006	25.16	6	49
scaffold_225	31526	756850	24.01	6	46
scaffold_226	31247	771414	24.69	2	51
scaffold_227	31217	723182	23.17	4	44
scaffold_228	31148	693486	22.26	6	43
scaffold_229	31130	775002	24.90	10	46
scaffold_230	31027	776159	25.02	7	44
scaffold_231	31022	700772	22.59	5	43
scaffold_232	30977	862421	27.84	3	184
scaffold_233	30969	762009	24.61	3	45
scaffold_234	30769	737511	23.97	4	44
scaffold_235	30530	747241	24.48	7	43
scaffold_236	30200	715374	23.69	7	49
scaffold_237	29967	766479	25.58	8	53
scaffold_238	29663	748637	25.24	7	48
scaffold_239	29580	699643	23.65	8	49
scaffold_240	29425	714106	24.27	5	99
scaffold_241	29354	689400	23.49	6	102
scaffold_242	29350	743309	25.33	8	45
scaffold_243	29341	768360	26.19	8	124
scaffold_244	29251	664469	22.72	3	43
scaffold_245	29101	615516	21.15	5	44
scaffold_246	28900	743151	25.71	6	47
scaffold_247	28862	757090	26.23	8	139
scaffold_248	28697	686157	23.91	3	44
scaffold_249	28653	662872	23.13	5	51
scaffold_250	27555	658149	23.88	7	81
scaffold_251	27512	740047	26.90	10	62
scaffold_252	27244	687288	25.23	5	47
scaffold_253	27221	618164	22.71	4	44
scaffold_254	27150	683201	25.16	2	41
scaffold_255	27141	640614	23.60	4	49
scaffold_256	26839	638990	23.81	3	52
scaffold_257	26824	618427	23.05	7	43
scaffold_258	26632	654649	24.58	3	45
scaffold_259	26606	848161	31.88	8	257
scaffold_260	26550	649342	24.46	5	52
scaffold_261	26317	629601	23.92	6	42
scaffold_262	26104	626329	23.99	6	42
scaffold_263	25930	655903	25.30	7	44
scaffold_264	25528	601707	23.57	6	46
scaffold_265	25046	594620	23.74	8	47
scaffold_266	24841	591074	23.79	3	44
scaffold_267	24795	620837	25.04	6	46
scaffold_268	24649	586815	23.81	4	51
scaffold_269	24310	611811	25.17	3	42
scaffold_270	24250	637985	26.31	4	46
scaffold_271	24224	575487	23.76	4	43
scaffold_272	24133	606663	25.14	4	49
scaffold_273	23852	539607	22.62	6	42
scaffold_274	23665	603555	25.50	6	50
scaffold_275	23646	559359	23.66	4	45
scaffold_276	23642	559467	23.66	5	46
scaffold_277	23554	561330	23.83	5	44
scaffold_278	23193	544045	23.46	7	40
scaffold_279	23101	574510	24.87	7	78
scaffold_280	22972	538521	23.44	1	44
scaffold_281	22940	582248	25.38	8	131
scaffold_282	22693	538404	23.73	7	50
scaffold_283	22655	562306	24.82	6	44
scaffold_284	22346	581926	26.04	7	50
scaffold_285	22286	545727	24.49	7	47
scaffold_286	22148	555084	25.06	8	45
scaffold_287	22062	504696	22.88	3	45
scaffold_288	21970	472477	21.51	3	39
scaffold_289	21901	548769	25.06	6	46
scaffold_290	21834	470351	21.54	6	47
scaffold_291	21702	431898	19.90	4	39
scaffold_292	21693	545329	25.14	5	45
scaffold_293	21585	545204	25.26	9	43
scaffold_294	21509	516662	24.02	8	41
scaffold_295	21212	550090	25.93	5	44
scaffold_296	21203	517437	24.40	5	46
scaffold_297	21155	578091	27.33	10	92
scaffold_298	21115	512952	24.29	11	40
scaffold_299	20826	448646	21.54	4	44
scaffold_300	20562	478730	23.28	6	72
scaffold_301	20436	474449	23.22	8	47
scaffold_302	20328	473710	23.30	6	134
scaffold_303	20264	535417	26.42	7	43
scaffold_304	20158	485543	24.09	6	48
scaffold_305	20073	450601	22.45	6	41
scaffold_306	19996	487976	24.40	4	43
scaffold_307	19742	510967	25.88	7	43
scaffold_308	19523	477367	24.45	6	104
scaffold_309	19476	427585	21.95	3	42
scaffold_310	19443	451869	23.24	6	47
scaffold_311	19369	471167	24.33	5	43
scaffold_312	19364	463603	23.94	4	204
scaffold_313	19246	495191	25.73	9	46
scaffold_314	19199	485629	25.29	9	45
scaffold_315	19184	367116	19.14	5	37
scaffold_316	19123	474719	24.82	6	47
scaffold_317	19059	620265	32.54	8	118
scaffold_318	18999	464996	24.47	2	44
scaffold_319	18841	516877	27.43	7	160
scaffold_320	18739	424450	22.65	6	45
scaffold_321	18564	450581	24.27	6	46
scaffold_322	18333	499241	27.23	11	99
scaffold_323	18273	475978	26.05	4	107
scaffold_324	18259	443176	24.27	6	42
scaffold_325	18167	388501	21.38	4	45
scaffold_326	18134	378255	20.86	6	47
scaffold_327	18124	371254	20.48	3	41
scaffold_328	18029	430067	23.85	6	47
scaffold_329	17976	435288	24.21	5	53
scaffold_330	17892	435564	24.34	6	48
scaffold_331	17884	418204	23.38	6	45
scaffold_332	17882	409977	22.93	5	41
scaffold_333	17784	384449	21.62	3	40
scaffold_334	17745	407587	22.97	4	43
scaffold_335	17728	400545	22.59	6	42
scaffold_336	17687	460858	26.06	7	47
scaffold_337	17510	439967	25.13	5	42
scaffold_338	17448	427111	24.48	8	47
scaffold_339	17382	396998	22.84	2	40
scaffold_340	17332	435205	25.11	11	42
scaffold_341	17177	358021	20.84	4	39
scaffold_342	17176	438020	25.50	4	68
scaffold_343	17002	408938	24.05	5	46
scaffold_344	16934	426940	25.21	4	45
scaffold_345	16850	419408	24.89	3	48
scaffold_346	16785	413465	24.63	4	45
scaffold_347	16663	409712	24.59	6	50
scaffold_348	16644	440071	26.44	5	55
scaffold_349	16493	415414	25.19	7	45
scaffold_350	16488	353469	21.44	5	96
scaffold_351	16454	371086	22.55	8	45
scaffold_352	16219	375725	23.17	6	41
scaffold_353	16165	313817	19.41	3	37
scaffold_354	16089	390496	24.27	4	42
scaffold_355	16039	352973	22.01	7	45
scaffold_356	15786	375182	23.77	5	45
scaffold_357	15721	381338	24.26	6	42
scaffold_358	15662	392951	25.09	4	45
scaffold_359	15449	376211	24.35	7	45
scaffold_360	15352	369608	24.08	4	45
scaffold_361	15337	359616	23.45	3	47
scaffold_362	15225	360615	23.69	7	49
scaffold_363	15186	356121	23.45	3	47
scaffold_364	15172	370776	24.44	7	87
scaffold_365	15159	334094	22.04	5	40
scaffold_366	14969	358779	23.97	4	42
scaffold_367	14808	354143	23.92	5	42
scaffold_368	14802	339774	22.95	2	47
scaffold_369	14783	372542	25.20	8	43
scaffold_370	14749	303416	20.57	5	39
scaffold_371	14686	327109	22.27	6	41
scaffold_372	14630	342749	23.43	7	37
scaffold_373	14627	347392	23.75	6	42
scaffold_374	14623	376591	25.75	5	45
scaffold_375	14503	349898	24.13	6	43
scaffold_376	14442	336815	23.32	6	46
scaffold_377	14427	343241	23.79	6	44
scaffold_378	14268	309297	21.68	5	38
scaffold_379	14112	325449	23.06	7	47
scaffold_380	14057	361814	25.74	3	88
scaffold_381	13991	355596	25.42	8	45
scaffold_382	13844	313782	22.67	4	43
scaffold_383	13597	413658	30.42	9	202
scaffold_384	13345	356506	26.71	8	45
scaffold_385	13219	327744	24.79	9	46
scaffold_386	13054	317648	24.33	6	43
scaffold_387	12928	308145	23.84	5	48
scaffold_388	12785	292674	22.89	8	44
scaffold_389	12694	321702	25.34	7	90
scaffold_390	12675	294638	23.25	4	43
scaffold_391	12661	282765	22.33	5	41
scaffold_392	12651	357045	28.22	10	45
scaffold_393	12629	288951	22.88	2	40
scaffold_394	12586	284288	22.59	5	43
scaffold_395	12531	310267	24.76	5	80
scaffold_396	12528	458626	36.61	5	334
scaffold_397	12429	284536	22.89	4	46
scaffold_398	12395	319182	25.75	3	46
scaffold_399	12303	262293	21.32	5	45
scaffold_400	12141	272197	22.42	4	49
scaffold_401	12062	283214	23.48	10	43
scaffold_402	12018	255635	21.27	6	47
scaffold_403	11868	280508	23.64	9	47
scaffold_404	11828	286958	24.26	4	42
scaffold_405	11774	280678	23.84	4	45
scaffold_406	11603	291211	25.10	6	70
scaffold_407	11509	226843	19.71	6	45
scaffold_408	11446	287283	25.10	11	45
scaffold_409	11435	243352	21.28	6	45
scaffold_410	11422	271149	23.74	4	42
scaffold_411	11417	281342	24.64	5	39
scaffold_412	11406	273702	24.00	6	43
scaffold_413	11301	294002	26.02	10	41
scaffold_414	11292	220502	19.53	5	35
scaffold_415	11140	265257	23.81	8	44
scaffold_416	11047	400137	36.22	8	139
scaffold_417	11010	269539	24.48	8	64
scaffold_418	10957	236628	21.60	6	42
scaffold_419	10806	286909	26.55	10	51
scaffold_420	10410	246567	23.69	12	42
scaffold_421	10363	202224	19.51	4	37
scaffold_422	10307	240837	23.37	4	43
scaffold_423	10272	238175	23.19	7	44
scaffold_424	10126	242439	23.94	9	46
scaffold_425	10123	250321	24.73	11	44
scaffold_426	10083	232940	23.10	9	43
scaffold_427	10061	250846	24.93	11	39
scaffold_428	10022	340998	34.02	16	296
scaffold_429	9944	347366	34.93	10	83
scaffold_430	9701	202609	20.89	3	44
scaffold_431	9636	167117	17.34	2	35
scaffold_432	9621	235582	24.49	4	47
scaffold_433	9600	259387	27.02	8	44
scaffold_434	9586	186071	19.41	3	40
scaffold_435	9477	226650	23.92	6	42
scaffold_436	9472	250225	26.42	9	93
scaffold_437	9471	213042	22.49	7	42
scaffold_438	9433	217560	23.06	5	45
scaffold_439	9410	245320	26.07	9	45
scaffold_441	9315	160926	17.28	4	36
scaffold_442	9284	233029	25.10	8	56
scaffold_443	9255	227295	24.56	5	45
scaffold_444	9173	199876	21.79	4	39
scaffold_445	9144	185763	20.32	8	39
scaffold_446	9143	254097	27.79	12	41
scaffold_447	9133	231241	25.32	5	49
scaffold_448	9021	243790	27.02	7	44
scaffold_449	8891	169445	19.06	3	36
scaffold_450	8855	251781	28.43	10	71
scaffold_451	8848	197328	22.30	5	39
scaffold_452	8695	152446	17.53	5	34
scaffold_453	8620	208236	24.16	6	41
scaffold_454	8503	519156	61.06	12	343
scaffold_455	8469	188084	22.21	6	64
scaffold_456	8467	195435	23.08	7	41
scaffold_457	8430	193274	22.93	4	40
scaffold_458	8375	184845	22.07	7	39
scaffold_459	8365	178017	21.28	5	43
scaffold_460	8357	291495	34.88	4	264
scaffold_461	8342	218717	26.22	13	65
scaffold_462	8330	223966	26.89	10	161
scaffold_463	8158	217307	26.64	11	80
scaffold_464	8107	173162	21.36	3	35
scaffold_465	8090	234793	29.02	10	66
scaffold_466	8087	175726	21.73	3	40
scaffold_467	8077	187401	23.20	6	44
scaffold_468	7910	180153	22.78	7	46
scaffold_469	7862	150777	19.18	4	33
scaffold_470	7812	158241	20.26	8	36
scaffold_471	7795	174758	22.42	4	45
scaffold_472	7784	210667	27.06	8	43
scaffold_473	7758	160586	20.70	6	38
scaffold_474	7731	177468	22.96	4	42
scaffold_475	7727	200760	25.98	3	98
scaffold_476	7698	153628	19.96	5	36
scaffold_477	7675	168655	21.97	5	36
scaffold_478	7650	155078	20.27	6	38
scaffold_479	7624	182066	23.88	4	44
scaffold_480	7584	216360	28.53	12	51
scaffold_481	7560	234190	30.98	12	51
scaffold_482	7510	180096	23.98	8	43
scaffold_483	7510	383891	51.12	13	645
scaffold_484	7505	149229	19.88	7	38
scaffold_485	7408	137457	18.56	7	38
scaffold_486	7356	147449	20.04	6	39
scaffold_487	7211	142049	19.70	6	37
scaffold_488	7164	248605	34.70	14	319
scaffold_489	7108	163249	22.97	7	37
scaffold_490	7055	191735	27.18	5	78
scaffold_491	7032	139927	19.90	6	33
scaffold_492	7013	5268307	751.22	108	1122
scaffold_493	7012	140738	20.07	3	37
scaffold_494	7002	133080	19.01	5	38
scaffold_495	6996	179465	25.65	4	39
scaffold_496	6931	164736	23.77	5	41
scaffold_497	6912	113133	16.37	5	35
scaffold_498	6892	144380	20.95	2	42
scaffold_499	6892	147297	21.37	5	36
scaffold_500	6868	386296	56.25	11	244
scaffold_501	6867	172187	25.07	4	43
scaffold_502	6862	135053	19.68	5	36
scaffold_503	6813	148574	21.81	2	36
scaffold_504	6794	169157	24.90	3	45
scaffold_505	6599	141478	21.44	4	36
scaffold_506	6580	225286	34.24	12	190
scaffold_507	6574	177276	26.97	5	50
scaffold_508	6565	155465	23.68	6	41
scaffold_509	6543	138717	21.20	4	42
scaffold_510	6494	149838	23.07	4	40
scaffold_511	6446	248343	38.53	11	238
scaffold_512	6417	132125	20.59	7	36
scaffold_513	6389	183849	28.78	4	51
scaffold_514	6338	202674	31.98	11	194
scaffold_515	6336	164875	26.02	9	49
scaffold_516	6318	206461	32.68	7	80
scaffold_517	6174	132888	21.52	8	38
scaffold_518	6167	179248	29.07	12	65
scaffold_519	6163	130367	21.15	4	42
scaffold_520	6146	146733	23.87	2	43
scaffold_521	6110	117833	19.29	4	40
scaffold_522	6089	337583	55.44	15	283
scaffold_523	6056	211043	34.85	10	73
scaffold_524	6028	121332	20.13	3	96
scaffold_525	6005	143732	23.94	10	47
scaffold_526	5966	144030	24.14	11	37
scaffold_527	5896	109066	18.50	8	36
scaffold_528	5860	130296	22.23	9	41
scaffold_529	5844	280005	47.91	12	120
scaffold_530	5825	108498	18.63	4	35
scaffold_531	5806	123364	21.25	7	40
scaffold_532	5773	140574	24.35	6	42
scaffold_533	5732	209959	36.63	14	111
scaffold_534	5691	871062	153.06	11	1781
scaffold_535	5653	148588	26.28	11	43
scaffold_536	5651	157698	27.91	8	70
scaffold_537	5600	210698	37.62	5	83
scaffold_538	5586	355803	63.70	11	719
scaffold_539	5585	112333	20.11	6	36
scaffold_540	5578	113848	20.41	5	39
scaffold_541	5571	195496	35.09	4	78
scaffold_542	5531	311132	56.25	12	1037
scaffold_543	5523	188567	34.14	10	257
scaffold_544	5518	168409	30.52	11	58
scaffold_545	5496	102695	18.69	7	31
scaffold_546	5480	185509	33.85	6	122
scaffold_547	5451	90333	16.57	4	38
scaffold_548	5448	89237	16.38	3	31
scaffold_549	5426	116428	21.46	8	37
scaffold_550	5413	106513	19.68	4	33
scaffold_551	5405	116844	21.62	5	43
scaffold_552	5352	168364	31.46	9	60
scaffold_553	5304	116615	21.99	6	37
scaffold_554	5273	170769	32.39	11	60
scaffold_555	5255	150856	28.71	13	152
scaffold_556	5253	156742	29.84	17	57
scaffold_557	5184	188345	36.33	11	85
scaffold_558	5106	158514	31.04	1	84
scaffold_559	5089	174910	34.37	20	149
scaffold_560	5026	97783	19.46	5	38
scaffold_561	4994	151226	30.28	15	51
scaffold_562	4983	169974	34.11	7	62
scaffold_563	4958	87907	17.73	3	29
scaffold_564	4896	109139	22.29	4	42
scaffold_565	4886	141750	29.01	7	156
scaffold_566	4882	150169	30.76	12	68
scaffold_567	4874	89253	18.31	6	33
scaffold_568	4836	86058	17.80	5	37
scaffold_569	4802	93316	19.43	5	108
scaffold_570	4755	108121	22.74	3	38
scaffold_571	4754	99665	20.96	6	36
scaffold_572	4730	114302	24.17	11	42
scaffold_573	4722	83842	17.76	5	33
scaffold_574	4705	89026	18.92	5	34
scaffold_575	4704	98720	20.99	8	34
scaffold_576	4680	73760	15.76	3	38
scaffold_577	4672	86568	18.53	3	37
scaffold_578	4668	97366	20.86	5	38
scaffold_579	4624	176040	38.07	13	130
scaffold_580	4592	106893	23.28	6	37
scaffold_581	4590	101325	22.08	5	38
scaffold_582	4570	74489	16.30	4	43
scaffold_583	4540	80885	17.82	3	32
scaffold_584	4536	77371	17.06	5	34
scaffold_585	4532	118780	26.21	8	46
scaffold_586	4511	87757	19.45	3	36
scaffold_587	4510	95054	21.08	4	35
scaffold_588	4483	168747	37.64	6	308
scaffold_589	4467	81839	18.32	6	30
scaffold_590	4466	87142	19.51	6	34
scaffold_591	4419	80189	18.15	5	30
scaffold_592	4399	165696	37.67	9	187
scaffold_593	4397	142906	32.50	10	69
scaffold_594	4375	77605	17.74	4	33
scaffold_595	4332	148621	34.31	11	70
scaffold_596	4322	71100	16.45	3	33
scaffold_597	4309	123525	28.67	3	46
scaffold_598	4289	86937	20.27	5	196
scaffold_599	4284	95071	22.19	9	70
scaffold_600	4263	79611	18.67	5	35
scaffold_601	4246	98386	23.17	8	42
scaffold_602	4233	77265	18.25	5	39
scaffold_603	4223	80640	19.10	11	31
scaffold_604	4142	107483	25.95	13	57
scaffold_605	4133	80083	19.38	6	34
scaffold_606	4096	89640	21.88	5	42
scaffold_607	4095	123875	30.25	13	243
scaffold_608	4092	448837	109.69	7	1006
scaffold_609	4083	71194	17.44	4	30
scaffold_610	4080	84417	20.69	6	37
scaffold_611	4065	133361	32.81	11	84
scaffold_612	4051	105411	26.02	11	44
scaffold_613	4048	124774	30.82	12	120
scaffold_614	4030	155026	38.47	12	239
scaffold_615	4009	137814	34.38	9	73
scaffold_616	3985	121090	30.39	12	49
scaffold_617	3949	81564	20.65	7	35
scaffold_618	3912	57842	14.79	4	29
scaffold_619	3905	96915	24.82	6	41
scaffold_620	3902	80066	20.52	2	33
scaffold_621	3893	108175	27.79	12	66
scaffold_622	3892	120463	30.95	15	96
scaffold_623	3875	65863	17.00	3	32
scaffold_624	3854	95084	24.67	11	38
scaffold_625	3846	119730	31.13	9	45
scaffold_626	3825	134556	35.18	13	106
scaffold_627	3824	76296	19.95	6	36
scaffold_628	3808	65764	17.27	7	31
scaffold_629	3766	69056	18.34	6	30
scaffold_630	3757	91840	24.45	5	43
scaffold_631	3708	138510	37.35	9	151
scaffold_632	3692	700944	189.85	15	1610
scaffold_633	3692	128682	34.85	8	120
scaffold_634	3673	352296	95.92	14	503
scaffold_635	3646	54387	14.92	2	27
scaffold_636	3621	115558	31.91	5	104
scaffold_637	3607	106536	29.54	4	64
scaffold_638	3605	136426	37.84	4	285
scaffold_639	3590	75232	20.96	5	39
scaffold_640	3565	129446	36.31	16	146
scaffold_641	3547	70047	19.75	10	33
scaffold_642	3526	91078	25.83	12	42
scaffold_643	3526	313257	88.84	18	281
scaffold_644	3484	78388	22.50	3	61
scaffold_645	3445	126657	36.77	9	253
scaffold_646	3423	60462	17.66	5	29
scaffold_647	3410	79280	23.25	8	36
scaffold_648	3398	52568	15.47	5	31
scaffold_649	3376	91652	27.15	11	44
scaffold_650	3368	79950	23.74	3	191
scaffold_651	3367	159561	47.39	10	97
scaffold_652	3359	110047	32.76	7	71
scaffold_653	3356	50947	15.18	4	28
scaffold_654	3353	48808	14.56	4	27
scaffold_655	3353	57229	17.07	5	35
scaffold_656	3346	66761	19.95	3	35
scaffold_657	3330	51651	15.51	7	30
scaffold_658	3322	123252	37.10	12	71
scaffold_659	3319	73109	22.03	7	35
scaffold_660	3315	55455	16.73	8	27
scaffold_661	3300	56158	17.02	6	28
scaffold_662	3290	74285	22.58	7	38
scaffold_663	3280	61154	18.64	5	30
scaffold_664	3273	62527	19.10	3	36
scaffold_665	3268	70590	21.60	7	39
scaffold_666	3254	68296	20.99	9	34
scaffold_667	3223	93900	29.13	2	45
scaffold_668	3209	213102	66.41	19	206
scaffold_669	3203	72641	22.68	9	36
scaffold_670	3190	59129	18.54	5	38
scaffold_671	3185	57176	17.95	5	34
scaffold_672	3178	46217	14.54	6	25
scaffold_673	3171	52400	16.52	3	33
scaffold_674	3141	107044	34.08	10	63
scaffold_675	3118	46538	14.93	5	28
scaffold_676	3114	342653	110.04	12	450
scaffold_677	3111	62874	20.21	6	39
scaffold_678	3098	49097	15.85	4	33
scaffold_679	3098	57392	18.53	5	31
scaffold_680	3088	56783	18.39	10	30
scaffold_681	3071	60873	19.82	7	31
scaffold_682	3069	139558	45.47	6	113
scaffold_683	3067	39265	12.80	3	22
scaffold_684	3061	49753	16.25	4	29
scaffold_685	3047	53125	17.44	2	39
scaffold_686	3021	48124	15.93	5	26
scaffold_687	3015	60833	20.18	4	34
scaffold_688	3005	93600	31.15	12	112
scaffold_689	3001	83422	27.80	10	107
scaffold_690	2996	51607	17.23	5	34
scaffold_691	2978	54415	18.27	4	36
scaffold_692	2967	43609	14.70	4	28
scaffold_693	2964	48556	16.38	4	28
scaffold_694	2961	101877	34.41	5	77
scaffold_695	2955	49415	16.72	5	33
scaffold_696	2950	56540	19.17	6	34
scaffold_697	2947	48830	16.57	6	31
scaffold_698	2943	63759	21.66	7	37
scaffold_699	2936	86961	29.62	7	68
scaffold_700	2924	59363	20.30	6	35
scaffold_701	2906	103865	35.74	10	99
scaffold_702	2894	144712	50.00	12	122
scaffold_703	2893	46271	15.99	5	28
scaffold_704	2871	56753	19.77	6	38
scaffold_705	2867	97963	34.17	10	81
scaffold_706	2832	57974	20.47	6	36
scaffold_707	2829	42503	15.02	3	25
scaffold_708	2812	112468	40.00	14	205
scaffold_709	2801	64908	23.17	9	38
scaffold_710	2796	49752	17.79	7	28
scaffold_711	2789	53710	19.26	9	30
scaffold_712	2775	123644	44.56	16	147
scaffold_713	2773	53177	19.18	3	33
scaffold_714	2769	56867	20.54	4	33
scaffold_715	2767	42267	15.28	4	31
scaffold_716	2761	90392	32.74	14	90
scaffold_717	2760	53272	19.30	7	32
scaffold_718	2751	64836	23.57	9	43
scaffold_719	2749	63398	23.06	3	40
scaffold_720	2743	48980	17.86	6	31
scaffold_721	2739	161030	58.79	11	91
scaffold_722	2735	176893	64.68	14	161
scaffold_723	2734	47764	17.47	4	29
scaffold_724	2731	105190	38.52	9	93
scaffold_725	2700	56436	20.90	7	41
scaffold_726	2684	47505	17.70	4	31
scaffold_727	2684	41489	15.46	3	26
scaffold_728	2682	67309	25.10	9	40
scaffold_729	2665	52146	19.57	9	33
scaffold_730	2656	75520	28.43	10	70
scaffold_731	2652	45885	17.30	6	29
scaffold_732	2643	49876	18.87	3	32
scaffold_733	2632	77679	29.51	12	60
scaffold_734	2626	53223	20.27	4	36
scaffold_735	2622	101111	38.56	15	79
scaffold_736	2621	176843	67.47	26	152
scaffold_737	2620	100607	38.40	14	205
scaffold_738	2612	559218	214.10	15	1041
scaffold_739	2609	56538	21.67	10	33
scaffold_740	2602	46713	17.95	8	30
scaffold_741	2593	74147	28.60	6	59
scaffold_742	2593	86373	33.31	12	99
scaffold_743	2590	87526	33.79	3	178
scaffold_744	2588	48190	18.62	6	35
scaffold_745	2576	72396	28.10	3	43
scaffold_746	2570	94705	36.85	13	56
scaffold_747	2559	86005	33.61	4	50
scaffold_748	2559	39991	15.63	5	28
scaffold_749	2543	42937	16.88	7	30
scaffold_750	2540	53452	21.04	6	32
scaffold_751	2540	49986	19.68	5	36
scaffold_752	2540	148732	58.56	15	548
scaffold_753	2536	82559	32.55	16	130
scaffold_754	2535	108200	42.68	13	234
scaffold_755	2534	504926	199.26	27	1063
scaffold_756	2531	38429	15.18	4	32
scaffold_757	2519	85278	33.85	21	72
scaffold_758	2514	85453	33.99	13	83
scaffold_759	2513	161239	64.16	37	101
scaffold_760	2506	84970	33.91	3	91
scaffold_761	2505	47841	19.10	7	31
scaffold_762	2504	98272	39.25	11	96
scaffold_763	2492	51812	20.79	8	33
scaffold_764	2485	47333	19.05	8	29
scaffold_765	2484	40491	16.30	5	34
scaffold_766	2475	91864	37.12	12	77
scaffold_767	2469	39363	15.94	4	29
scaffold_768	2460	47500	19.31	4	35
scaffold_769	2439	64042	26.26	15	41
scaffold_770	2434	41448	17.03	5	31
scaffold_771	2433	72602	29.84	5	44
scaffold_772	2418	144087	59.59	22	269
scaffold_773	2411	75601	31.36	10	64
scaffold_774	2401	90349	37.63	15	77
scaffold_775	2382	53650	22.52	6	41
scaffold_776	2377	109816	46.20	7	130
scaffold_777	2370	43960	18.55	7	27
scaffold_778	2369	72889	30.77	7	54
scaffold_779	2368	1654033	698.49	25	1409
scaffold_780	2366	79811	33.73	6	98
scaffold_781	2364	146130	61.81	10	245
scaffold_782	2360	85650	36.29	19	65
scaffold_783	2350	72882	31.01	8	54
scaffold_784	2347	42671	18.18	6	27
scaffold_785	2342	40605	17.34	3	32
scaffold_786	2332	36450	15.63	4	28
scaffold_787	2331	66073	28.35	11	45
scaffold_788	2319	140933	60.77	7	108
scaffold_789	2310	201869	87.39	13	161
scaffold_790	2300	889577	386.77	15	1848
scaffold_791	2291	56799	24.79	13	42
scaffold_792	2282	85008	37.25	13	191
scaffold_793	2278	82016	36.00	5	63
scaffold_794	2276	43793	19.24	4	33
scaffold_795	2273	68889	30.31	8	52
scaffold_796	2269	34069	15.01	4	30
scaffold_797	2261	58617	25.93	9	76
scaffold_798	2258	2478006	1097.43	437	1281
scaffold_799	2248	64607	28.74	11	44
scaffold_800	2243	68831	30.69	10	59
scaffold_801	2238	52421	23.42	9	54
scaffold_802	2232	45308	20.30	7	36
scaffold_803	2231	45442	20.37	5	31
scaffold_804	2215	175122	79.06	11	416
scaffold_805	2211	43149	19.52	3	32
scaffold_806	2209	64463	29.18	10	45
scaffold_807	2187	49198	22.50	6	40
scaffold_808	2184	43641	19.98	7	31
scaffold_809	2174	78490	36.10	9	77
scaffold_810	2165	95027	43.89	4	101
scaffold_811	2156	35759	16.59	3	27
scaffold_812	2148	131888	61.40	14	98
scaffold_813	2131	37020	17.37	4	27
scaffold_814	2116	31304	14.79	3	28
scaffold_815	2108	79529	37.73	8	91
scaffold_816	2091	41521	19.86	5	33
scaffold_817	2087	63905	30.62	8	60
scaffold_818	2082	90590	43.51	7	106
scaffold_819	2078	85774	41.28	19	146
scaffold_820	2071	49503	23.90	8	39
scaffold_821	2054	76462	37.23	6	119
scaffold_822	2050	38475	18.77	4	34
scaffold_823	2050	38769	18.91	7	30
scaffold_824	2047	32009	15.64	6	27
scaffold_825	2046	88722	43.36	13	135
scaffold_826	2042	36163	17.71	6	33
scaffold_827	2038	146290	71.78	23	178
scaffold_828	2036	36156	17.76	6	36
scaffold_829	2036	61335	30.13	7	47
scaffold_830	2028	97303	47.98	9	155
scaffold_831	2026	40320	19.90	4	38
scaffold_832	2025	26676	13.17	5	23
scaffold_833	2019	25087	12.43	6	23
scaffold_834	1996	39023	19.55	10	30
scaffold_835	1994	33242	16.67	3	27
scaffold_836	1990	80349	40.38	13	111
scaffold_837	1988	39727	19.98	5	33
scaffold_838	1974	79048	40.04	13	77
scaffold_839	1973	53342	27.04	16	43
scaffold_840	1973	79284	40.18	7	74
scaffold_841	1968	60727	30.86	10	63
scaffold_842	1948	33613	17.26	3	29
scaffold_843	1946	280718	144.25	16	1178
scaffold_844	1935	34323	17.74	7	33
scaffold_845	1934	58309	30.15	5	47
scaffold_846	1921	35804	18.64	6	30
scaffold_847	1920	127388	66.35	13	112
scaffold_848	1919	34820	18.14	8	30
scaffold_849	1915	85560	44.68	10	107
scaffold_850	1911	33839	17.71	4	29
scaffold_851	1883	30307	16.10	6	27
scaffold_852	1882	85587	45.48	15	93
scaffold_853	1880	35855	19.07	4	34
scaffold_854	1873	32578	17.39	5	31
scaffold_855	1868	131148	70.21	16	184
scaffold_856	1862	501890	269.54	8	880
scaffold_857	1860	97044	52.17	9	173
scaffold_858	1853	26056	14.06	5	26
scaffold_859	1851	29585	15.98	2	25
scaffold_860	1844	145400	78.85	13	177
scaffold_861	1836	71122	38.74	18	95
scaffold_862	1822	64132	35.20	11	66
scaffold_863	1817	28884	15.90	2	29
scaffold_864	1808	247167	136.71	11	633
scaffold_865	1766	76799	43.49	9	66
scaffold_866	1758	25048	14.25	3	24
scaffold_867	1758	63377	36.05	5	57
scaffold_868	1748	37319	21.35	9	32
scaffold_869	1744	94817	54.37	19	267
scaffold_870	1735	49188	28.35	12	52
scaffold_871	1731	35722	20.64	8	30
scaffold_872	1727	67943	39.34	9	65
scaffold_873	1726	34147	19.78	8	31
scaffold_874	1721	24134	14.02	4	23
scaffold_875	1712	39177	22.88	8	39
scaffold_876	1710	24983	14.61	6	26
scaffold_877	1705	77042	45.19	14	211
scaffold_878	1704	22987	13.49	5	23
scaffold_879	1690	109308	64.68	10	267
scaffold_880	1687	311074	184.39	21	827
scaffold_881	1683	27017	16.05	4	26
scaffold_882	1679	125820	74.94	10	267
scaffold_883	1679	55368	32.98	11	104
scaffold_884	1673	54415	32.53	10	51
scaffold_885	1668	54152	32.47	14	76
scaffold_886	1663	92644	55.71	6	120
scaffold_887	1655	83501	50.45	12	148
scaffold_888	1653	267381	161.75	18	289
scaffold_889	1649	32492	19.70	10	28
scaffold_890	1644	20972	12.76	5	21
scaffold_891	1643	690069	420.01	15	1764
scaffold_892	1615	63732	39.46	16	161
scaffold_893	1606	24060	14.98	8	25
scaffold_894	1602	410036	255.95	20	659
scaffold_895	1602	93986	58.67	18	138
scaffold_896	1601	54678	34.15	8	65
scaffold_897	1591	59172	37.19	15	60
scaffold_898	1589	45843	28.85	11	52
scaffold_899	1589	51146	32.19	11	64
scaffold_900	1582	38678	24.45	3	37
scaffold_901	1580	33179	21.00	5	80
scaffold_902	1576	54911	34.84	14	63
scaffold_903	1568	58472	37.29	15	129
scaffold_904	1568	23437	14.95	3	28
scaffold_905	1566	26445	16.89	4	29
scaffold_906	1560	60280	38.64	20	106
scaffold_907	1557	52094	33.46	10	61
scaffold_908	1557	95449	61.30	11	223
scaffold_909	1556	148231	95.26	18	328
scaffold_910	1556	21657	13.92	3	22
scaffold_911	1555	24477	15.74	4	25
scaffold_912	1548	172967	111.74	14	311
scaffold_913	1548	69641	44.99	14	248
scaffold_914	1547	43711	28.26	14	50
scaffold_915	1537	46417	30.20	13	44
scaffold_916	1534	28251	18.42	4	29
scaffold_917	1531	64666	42.24	13	73
scaffold_918	1526	159451	104.49	18	309
scaffold_919	1524	36520	23.96	9	34
scaffold_920	1516	111855	73.78	14	179
scaffold_921	1515	201473	132.99	14	433
scaffold_922	1514	24227	16.00	6	27
scaffold_923	1511	25551	16.91	6	29
scaffold_924	1507	39326	26.10	14	43
scaffold_925	1503	28492	18.96	8	32
scaffold_926	1503	27110	18.04	9	27
scaffold_927	1499	18209	12.15	3	21
scaffold_928	1498	1040209	694.40	23	1471
scaffold_929	1495	361200	241.61	49	676
scaffold_930	1491	19003	12.75	2	21
scaffold_931	1489	69946	46.98	8	106
scaffold_932	1478	119547	80.88	18	387
scaffold_933	1475	23967	16.25	5	32
scaffold_934	1473	24747	16.80	4	30
scaffold_935	1472	20043	13.62	2	26
scaffold_936	1469	42667	29.04	2	43
scaffold_937	1468	45719	31.14	23	40
scaffold_938	1467	57948	39.50	15	130
scaffold_939	1461	28212	19.31	4	35
scaffold_940	1461	77466	53.02	11	87
scaffold_941	1454	25379	17.45	4	32
scaffold_942	1453	71612	49.29	25	107
scaffold_943	1450	111322	76.77	14	220
scaffold_944	1446	27624	19.10	8	30
scaffold_945	1437	52404	36.47	8	79
scaffold_946	1428	107325	75.16	8	141
scaffold_947	1413	92085	65.17	11	318
scaffold_948	1409	47872	33.98	7	79
scaffold_949	1405	21125	15.04	6	26
scaffold_950	1403	64311	45.84	14	88
scaffold_951	1401	44251	31.59	10	45
scaffold_952	1401	64115	45.76	13	75
scaffold_953	1393	54101	38.84	14	62
scaffold_954	1393	94035	67.51	12	130
scaffold_955	1392	47104	33.84	12	64
scaffold_956	1389	80951	58.28	17	132
scaffold_957	1387	1741190	1255.36	139	1554
scaffold_958	1383	18513	13.39	6	28
scaffold_959	1372	65617	47.83	6	121
scaffold_960	1368	321558	235.06	10	505
scaffold_961	1367	78960	57.76	19	109
scaffold_962	1361	41148	30.23	8	40
scaffold_963	1351	43164	31.95	6	52
scaffold_964	1350	222211	164.60	23	369
scaffold_965	1339	16922	12.64	7	19
scaffold_966	1336	86005	64.38	11	329
scaffold_967	1336	22110	16.55	6	27
scaffold_968	1336	22247	16.65	3	35
scaffold_969	1332	62620	47.01	12	109
scaffold_970	1327	17867	13.46	6	24
scaffold_971	1317	23868	18.12	8	33
scaffold_972	1305	28073	21.51	5	32
scaffold_973	1302	71784	55.13	12	221
scaffold_974	1300	50999	39.23	6	68
scaffold_975	1287	14595	11.34	4	24
scaffold_976	1285	42184	32.83	8	71
scaffold_977	1279	268704	210.09	31	534
scaffold_978	1275	69926	54.84	22	95
scaffold_979	1273	77713	61.05	11	120
scaffold_980	1267	18799	14.84	4	24
scaffold_981	1267	18667	14.73	6	26
scaffold_982	1261	83000	65.82	5	361
scaffold_983	1261	152822	121.19	18	229
scaffold_984	1260	45207	35.88	11	52
scaffold_985	1254	18518	14.77	4	33
scaffold_986	1253	16857	13.45	7	21
scaffold_987	1250	157131	125.70	14	367
scaffold_988	1245	58891	47.30	6	96
scaffold_989	1242	65236	52.52	19	120
scaffold_990	1241	78640	63.37	7	113
scaffold_991	1237	15861	12.82	2	25
scaffold_992	1236	17157	13.88	5	26
scaffold_993	1235	29149	23.60	8	59
scaffold_994	1231	19480	15.82	9	27
scaffold_995	1227	17528	14.29	3	23
scaffold_996	1226	72126	58.83	15	99
scaffold_997	1213	30285	24.97	6	38
scaffold_998	1213	709190	584.66	8	1053
scaffold_999	1210	354743	293.18	15	683
scaffold_1000	1209	67383	55.73	21	179
scaffold_1001	1209	21500	17.78	4	28
scaffold_1002	1206	16414	13.61	7	20
scaffold_1003	1199	44793	37.36	12	58
scaffold_1004	1196	34036	28.46	16	38
scaffold_1005	1194	12314	10.31	4	17
scaffold_1006	1190	80932	68.01	12	127
scaffold_1007	1189	217519	182.94	11	429
scaffold_1008	1187	20142	16.97	4	31
scaffold_1009	1182	54362	45.99	11	100
scaffold_1010	1180	51282	43.46	14	86
scaffold_1011	1177	95304	80.97	12	431
scaffold_1012	1176	16690	14.19	3	23
scaffold_1013	1175	320079	272.41	5	873
scaffold_1014	1174	17811	15.17	5	30
scaffold_1015	1174	52087	44.37	12	77
scaffold_1016	1173	24625	20.99	9	32
scaffold_1017	1168	59462	50.91	13	118
scaffold_1018	1168	56154	48.08	10	145
scaffold_1019	1165	21774	18.69	5	32
scaffold_1020	1165	24426	20.97	7	31
scaffold_1021	1164	73016	62.73	13	117
scaffold_1022	1160	20248	17.46	9	25
scaffold_1023	1148	151366	131.85	11	453
scaffold_1024	1147	81959	71.46	9	171
scaffold_1025	1147	108257	94.38	9	269
scaffold_1026	1145	43899	38.34	13	72
scaffold_1027	1144	34582	30.23	14	44
scaffold_1028	1143	33009	28.88	9	37
scaffold_1029	1142	19705	17.25	7	29
scaffold_1030	1139	35862	31.49	14	52
scaffold_1031	1137	252304	221.90	14	1232
scaffold_1032	1136	128593	113.20	30	197
scaffold_1033	1135	100450	88.50	18	211
scaffold_1034	1131	33616	29.72	13	47
scaffold_1035	1129	48476	42.94	18	81
scaffold_1036	1126	44620	39.63	7	104
scaffold_1037	1122	15669	13.97	4	23
scaffold_1038	1116	589358	528.10	22	875
scaffold_1039	1111	37787	34.01	15	54
scaffold_1040	1110	94929	85.52	13	146
scaffold_1041	1108	701751	633.35	27	1098
scaffold_1042	1107	14161	12.79	5	21
scaffold_1043	1106	75928	68.65	15	207
scaffold_1044	1102	48832	44.31	8	137
scaffold_1045	1100	753793	685.27	64	1226
scaffold_1046	1096	24282	22.16	9	36
scaffold_1047	1084	107567	99.23	13	349
scaffold_1048	1080	16724	15.49	7	27
scaffold_1049	1073	34690	32.33	17	62
scaffold_1050	1065	60329	56.65	20	113
scaffold_1051	1060	14976	14.13	8	20
scaffold_1052	1057	90030	85.18	17	228
scaffold_1053	1053	92067	87.43	16	325
scaffold_1054	1053	71755	68.14	14	143
scaffold_1055	1052	12903	12.27	4	23
scaffold_1056	1051	19208	18.28	6	29
scaffold_1057	1050	114208	108.77	14	411
scaffold_1058	1048	48346	46.13	19	104
scaffold_1059	1048	86919	82.94	20	269
scaffold_1060	1047	55641	53.14	17	210
scaffold_1061	1046	183773	175.69	35	312
scaffold_1062	1046	19403	18.55	8	31
scaffold_1063	1046	15526	14.84	7	27
scaffold_1064	1044	83016	79.52	14	166
scaffold_1065	1043	17069	16.37	6	23
scaffold_1066	1034	36855	35.64	14	98
scaffold_1067	1029	10694	10.39	5	14
scaffold_1068	1023	16789	16.41	4	26
scaffold_1069	1021	22577	22.11	9	31
scaffold_1070	1018	23696	23.28	9	34
scaffold_1071	1016	38921	38.31	6	57
scaffold_1072	1015	16992	16.74	7	32
scaffold_1073	1013	11689	11.54	5	21
scaffold_1074	1013	13973	13.79	4	24
scaffold_1075	1012	137717	136.08	15	912
scaffold_1076	1012	14140	13.97	4	22
scaffold_1077	1007	265191	263.35	22	438
scaffold_1078	1003	32539	32.44	18	60
total	20547286	564946517	27.49	0	1848
