chrom	length	bases	mean	min	max
mt	53563	32311834	603.25	96	1072
scaffold_1	758791	21196393	27.93	0	90
scaffold_2	706101	20028989	28.37	0	75
scaffold_3	570410	16022524	28.09	0	174
scaffold_4	513737	14596615	28.41	1	82
scaffold_5	475824	13110602	27.55	1	69
scaffold_6	438473	12696375	28.96	5	349
scaffold_7	434667	12403937	28.54	2	60
scaffold_8	432576	11887856	27.48	1	77
scaffold_9	368229	10692758	29.04	2	67
scaffold_10	366639	10263099	27.99	0	57
scaffold_11	361877	9980088	27.58	3	72
scaffold_12	358660	10336830	28.82	2	108
scaffold_13	321724	9227228	28.68	1	61
scaffold_14	274062	7722272	28.18	1	188
scaffold_15	269046	7431248	27.62	1	104
scaffold_16	264040	7565511	28.65	4	55
scaffold_17	263324	7502344	28.49	0	68
scaffold_18	262841	7562396	28.77	2	67
scaffold_19	262050	7306808	27.88	0	80
scaffold_20	258501	7418723	28.70	2	56
scaffold_21	251562	7115220	28.28	1	59
scaffold_22	251000	7294185	29.06	2	62
scaffold_23	232958	6703515	28.78	0	58
scaffold_24	226165	6067724	26.83	0	62
scaffold_25	224590	6323735	28.16	1	53
scaffold_26	210187	5785059	27.52	1	135
scaffold_27	195659	5677136	29.02	2	55
scaffold_28	193691	5435830	28.06	2	56
scaffold_29	192135	5396528	28.09	1	85
scaffold_30	191038	5492927	28.75	1	57
scaffold_31	186881	4941322	26.44	3	94
scaffold_32	184552	4895030	26.52	0	84
scaffold_33	182657	5313809	29.09	3	111
scaffold_34	180373	4904414	27.19	1	66
scaffold_35	179432	5244184	29.23	2	60
scaffold_36	177336	4809076	27.12	0	53
scaffold_37	174750	5001701	28.62	2	59
scaffold_38	165497	4657703	28.14	0	150
scaffold_39	165425	4579368	27.68	2	55
scaffold_40	163206	4625220	28.34	8	122
scaffold_41	158369	4171110	26.34	2	373
scaffold_42	157065	4517573	28.76	1	57
scaffold_43	153942	5152710	33.47	2	2194
scaffold_44	152229	4209466	27.65	1	57
scaffold_45	148276	4232368	28.54	1	57
scaffold_46	145713	4377729	30.04	3	65
scaffold_47	137443	3838525	27.93	1	60
scaffold_48	136677	3597815	26.32	0	67
scaffold_49	134809	3742269	27.76	2	57
scaffold_50	132199	3731186	28.22	2	53
scaffold_51	130142	3583608	27.54	1	57
scaffold_52	130085	3696045	28.41	2	113
scaffold_53	129313	3459914	26.76	1	61
scaffold_54	126362	3464380	27.42	0	78
scaffold_55	124856	3410836	27.32	0	55
scaffold_56	122163	3200218	26.20	0	52
scaffold_57	121994	3421532	28.05	2	55
scaffold_58	121958	3641958	29.86	3	526
scaffold_59	119936	3559314	29.68	1	93
scaffold_60	118467	3396581	28.67	4	85
scaffold_61	118172	3395951	28.74	2	54
scaffold_62	117482	3129058	26.63	2	324
scaffold_63	117350	3121862	26.60	1	53
scaffold_64	114217	3056653	26.76	0	110
scaffold_65	112401	3241697	28.84	2	240
scaffold_66	108585	2919181	26.88	0	54
scaffold_67	106957	3015835	28.20	1	56
scaffold_68	106724	2922828	27.39	2	60
scaffold_69	106328	3039524	28.59	0	149
scaffold_70	105836	3356094	31.71	1	58
scaffold_71	105522	2950149	27.96	0	387
scaffold_72	105326	2949846	28.01	2	57
scaffold_73	104429	2938497	28.14	3	54
scaffold_74	103800	2767657	26.66	2	60
scaffold_75	102566	2854988	27.84	3	52
scaffold_76	101192	2881304	28.47	0	55
scaffold_77	100319	2798210	27.89	0	55
scaffold_78	98658	2705816	27.43	1	56
scaffold_79	96604	2599075	26.90	1	59
scaffold_80	94785	2858923	30.16	0	61
scaffold_81	94303	2693987	28.57	4	59
scaffold_82	93226	2615758	28.06	2	54
scaffold_83	91811	2673677	29.12	1	62
scaffold_84	90576	2723538	30.07	2	56
scaffold_85	89406	2546158	28.48	1	59
scaffold_86	86770	2310859	26.63	0	59
scaffold_87	85107	2119543	24.90	1	59
scaffold_88	82420	2344336	28.44	0	54
scaffold_89	79257	2410851	30.42	2	55
scaffold_90	78348	2281780	29.12	2	140
scaffold_91	78040	2044596	26.20	2	192
scaffold_92	77048	2428884	31.52	1	59
scaffold_93	77013	2253350	29.26	3	61
scaffold_94	75546	2158280	28.57	0	58
scaffold_95	75503	2206466	29.22	4	59
scaffold_96	75431	2130231	28.24	1	50
scaffold_97	74387	2197154	29.54	4	62
scaffold_98	71992	2080051	28.89	2	60
scaffold_99	71932	2084776	28.98	2	172
scaffold_100	71536	2276260	31.82	1	77
scaffold_101	71416	2145976	30.05	5	57
scaffold_102	70903	2471853	34.86	1	86
scaffold_103	68947	1915199	27.78	1	60
scaffold_104	65625	1672188	25.48	2	50
scaffold_105	65578	1759932	26.84	0	51
scaffold_106	57485	1693836	29.47	2	70
scaffold_107	55720	1530996	27.48	1	74
scaffold_108	53462	1334613	24.96	1	51
scaffold_109	53449	1418677	26.54	0	52
scaffold_110	53089	1445228	27.22	2	55
scaffold_111	49652	1395621	28.11	3	59
scaffold_112	46180	1358218	29.41	3	58
scaffold_113	45875	1239139	27.01	2	83
scaffold_114	44704	1178315	26.36	1	49
scaffold_115	44190	1434564	32.46	0	64
scaffold_116	42971	1016301	23.65	2	67
scaffold_117	42499	1186951	27.93	1	53
scaffold_118	42298	1257220	29.72	1	59
scaffold_119	41788	1312284	31.40	2	79
scaffold_120	40599	1135432	27.97	5	60
scaffold_121	40126	1085436	27.05	2	50
scaffold_122	39902	1029961	25.81	2	49
scaffold_123	39429	1019103	25.85	1	54
scaffold_124	38226	938801	24.56	4	92
scaffold_125	37098	1333344	35.94	3	61
scaffold_126	36622	1020696	27.87	1	83
scaffold_127	35904	855475	23.83	0	50
scaffold_128	35713	958730	26.85	1	47
scaffold_129	34738	953492	27.45	2	61
scaffold_130	34387	1044964	30.39	2	62
scaffold_131	34197	1269157	37.11	1	335
scaffold_132	33480	1072887	32.05	4	62
scaffold_133	33469	1077886	32.21	3	74
scaffold_134	33442	1009820	30.20	2	83
scaffold_135	33256	1136115	34.16	3	59
scaffold_136	31496	718666	22.82	1	45
scaffold_137	30572	1002906	32.80	3	145
scaffold_138	29804	706278	23.70	1	45
scaffold_139	29437	925460	31.44	2	57
scaffold_140	29199	868407	29.74	1	54
scaffold_141	29032	953918	32.86	2	59
scaffold_142	28868	965146	33.43	1	54
scaffold_143	26690	894027	33.50	1	58
scaffold_144	25958	924608	35.62	2	104
scaffold_145	25494	712900	27.96	0	57
scaffold_146	24887	827352	33.24	2	76
scaffold_147	23798	768545	32.29	3	64
scaffold_148	23741	817750	34.44	2	56
scaffold_149	23657	855133	36.15	2	62
scaffold_150	23412	663194	28.33	4	242
scaffold_151	23363	791421	33.87	2	80
scaffold_152	23204	848166	36.55	3	61
scaffold_153	23203	638261	27.51	4	72
scaffold_154	23065	814329	35.31	3	115
scaffold_155	23052	793860	34.44	4	58
scaffold_156	22605	555545	24.58	1	48
scaffold_157	22025	554045	25.16	1	48
scaffold_158	21844	648975	29.71	1	53
scaffold_159	21619	602485	27.87	2	46
scaffold_160	21599	756969	35.05	6	140
scaffold_161	20607	540942	26.25	5	96
scaffold_162	20444	571577	27.96	1	55
scaffold_163	19755	714554	36.17	4	65
scaffold_164	19702	694713	35.26	3	69
scaffold_165	19598	699339	35.68	4	80
scaffold_166	18922	594394	31.41	2	104
scaffold_167	18788	672160	35.78	3	60
scaffold_168	17665	640802	36.28	3	68
scaffold_169	17545	496438	28.30	2	51
scaffold_170	16914	613414	36.27	1	81
scaffold_171	16911	488187	28.87	3	52
scaffold_172	16705	590353	35.34	4	135
scaffold_173	16684	642755	38.53	3	64
scaffold_174	16672	583448	35.00	2	116
scaffold_175	16356	578115	35.35	6	54
scaffold_176	16337	576404	35.28	1	57
scaffold_177	16309	592382	36.32	5	61
scaffold_178	15930	569850	35.77	1	61
scaffold_179	15317	586347	38.28	2	97
scaffold_180	15178	467587	30.81	1	54
scaffold_181	15153	516796	34.11	14	144
scaffold_182	15016	581855	38.75	3	163
scaffold_183	14813	438668	29.61	2	48
scaffold_184	14455	401958	27.81	4	50
scaffold_185	14353	467123	32.55	2	64
scaffold_186	14240	564714	39.66	4	287
scaffold_187	13795	462028	33.49	3	59
scaffold_188	12641	403883	31.95	6	56
scaffold_189	12421	408537	32.89	3	140
scaffold_190	12329	439656	35.66	1	117
scaffold_191	11872	306584	25.82	3	53
scaffold_192	11553	359405	31.11	0	53
scaffold_193	11086	433450	39.10	4	187
scaffold_194	10701	389240	36.37	2	78
scaffold_195	10579	367625	34.75	1	119
scaffold_198	10006	350206	35.00	2	51
scaffold_199	9660	337744	34.96	3	58
scaffold_200	9654	360184	37.31	2	64
scaffold_201	9344	252092	26.98	3	54
scaffold_202	9269	333562	35.99	0	52
scaffold_203	9239	181717	19.67	2	48
scaffold_205	9107	285401	31.34	1	54
scaffold_206	8870	282616	31.86	5	67
scaffold_207	8794	324517	36.90	2	133
scaffold_208	8718	220150	25.25	2	46
scaffold_209	8631	312642	36.22	1	65
scaffold_210	8544	280785	32.86	5	60
scaffold_211	8504	306647	36.06	0	54
scaffold_212	8080	9002601	1114.18	44	1550
scaffold_213	8061	293722	36.44	2	71
scaffold_214	8048	291943	36.28	6	58
scaffold_215	7916	323090	40.81	2	147
scaffold_216	7883	942009	119.50	4	1195
scaffold_217	7862	272803	34.70	1	139
scaffold_218	7855	230657	29.36	3	50
scaffold_219	7566	284083	37.55	0	65
scaffold_220	7285	241444	33.14	2	66
scaffold_221	7157	239265	33.43	4	53
scaffold_222	6634	215146	32.43	1	54
scaffold_223	6347	222798	35.10	2	60
scaffold_224	6261	122808	19.61	1	36
scaffold_225	5904	162580	27.54	3	63
scaffold_226	5854	230937	39.45	1	163
scaffold_227	5832	2328068	399.19	3	3020
scaffold_228	5741	216175	37.65	4	113
scaffold_229	5741	203079	35.37	6	64
scaffold_230	5630	196210	34.85	4	66
scaffold_231	5628	184006	32.69	9	57
scaffold_232	5625	200725	35.68	5	57
scaffold_233	5487	194311	35.41	3	118
scaffold_234	5387	172358	32.00	2	50
scaffold_235	5315	186215	35.04	5	54
scaffold_237	4963	102191	20.59	3	33
scaffold_238	4962	205657	41.45	8	150
scaffold_239	4931	238069	48.28	4	135
scaffold_240	4884	103420	21.18	1	121
scaffold_241	4675	214899	45.97	7	197
scaffold_242	4627	129857	28.07	0	47
scaffold_243	4591	88092	19.19	2	36
scaffold_244	4562	4036799	884.87	11	3176
scaffold_245	4408	242448	55.00	6	247
scaffold_246	4297	125162	29.13	1	46
scaffold_247	4215	210067	49.84	1	128
scaffold_249	4161	149807	36.00	3	56
scaffold_250	4085	145563	35.63	1	73
scaffold_251	4074	145391	35.69	5	72
scaffold_252	3957	185938	46.99	4	231
scaffold_253	3957	163785	41.39	8	126
scaffold_254	3843	78377	20.39	2	36
scaffold_255	3672	56437	15.37	1	31
scaffold_256	3516	124889	35.52	2	65
scaffold_257	3511	189659	54.02	4	108
scaffold_258	3406	67943	19.95	2	34
scaffold_259	3387	137623	40.63	4	75
scaffold_260	3350	388534	115.98	1	667
scaffold_261	3340	338572	101.37	10	131
scaffold_263	3112	114079	36.66	2	54
scaffold_264	3086	127453	41.30	2	143
scaffold_265	3086	115779	37.52	4	53
scaffold_266	2969	76219	25.67	2	45
scaffold_267	2897	95100	32.83	2	58
scaffold_268	2880	1708603	593.26	7	3194
scaffold_269	2870	95070	33.13	2	48
scaffold_270	2794	87803	31.43	1	46
scaffold_271	2757	48790	17.70	3	37
scaffold_272	2722	144217	52.98	2	231
scaffold_273	2664	88033	33.05	1	51
scaffold_274	2540	105166	41.40	2	88
scaffold_275	2524	91330	36.18	2	72
scaffold_276	2444	40244	16.47	1	30
scaffold_277	2412	137130	56.85	2	127
scaffold_278	2394	130151	54.37	6	162
scaffold_280	2386	39637	16.61	1	28
scaffold_281	2373	125217	52.77	3	130
scaffold_282	2363	2784440	1178.35	4	3238
scaffold_284	2252	88485	39.29	7	125
scaffold_285	2160	80869	37.44	7	53
scaffold_286	2121	83507	39.37	10	61
scaffold_288	2032	288342	141.90	4	488
scaffold_289	2010	24614	12.25	1	31
scaffold_290	1989	155690	78.28	4	179
scaffold_291	1927	75678	39.27	5	85
scaffold_292	1901	412749	217.12	0	1103
scaffold_293	1893	111134	58.71	3	96
scaffold_294	1884	135235	71.78	2	157
scaffold_296	1787	737378	412.63	2	1607
scaffold_297	1766	31952	18.09	0	33
scaffold_298	1759	59744	33.96	2	52
scaffold_300	1703	59848	35.14	4	53
scaffold_301	1692	65971	38.99	6	64
scaffold_302	1676	56094	33.47	2	51
scaffold_303	1675	107903	64.42	1	232
scaffold_304	1671	2629729	1573.75	8	3267
scaffold_305	1644	123026	74.83	3	144
scaffold_306	1617	84667	52.36	0	94
scaffold_307	1613	50542	31.33	2	44
scaffold_308	1610	70753	43.95	3	159
scaffold_309	1529	72144	47.18	4	105
scaffold_310	1506	47789	31.73	3	46
scaffold_311	1446	73561	50.87	2	85
scaffold_312	1388	1453906	1047.48	19	2742
scaffold_313	1377	121545	88.27	2	160
scaffold_314	1373	161479	117.61	4	208
scaffold_315	1341	88717	66.16	7	92
scaffold_316	1337	21904	16.38	2	29
scaffold_317	1330	2250181	1691.87	8	3165
scaffold_318	1246	298920	239.90	8	483
scaffold_319	1240	57055	46.01	3	76
scaffold_320	1201	1445864	1203.88	4	5165
scaffold_321	1193	55499	46.52	6	192
scaffold_322	1179	2351413	1994.41	12	3585
scaffold_323	1119	14225	12.71	2	20
scaffold_324	1088	35607	32.73	1	48
scaffold_325	1081	38366	35.49	3	56
scaffold_326	1076	50813	47.22	1	77
scaffold_327	1053	38473	36.54	0	57
total	21661092	682809282	31.52	0	5165
