chrom	length	bases	mean	min	max
mt	53563	36434831	680.22	420	870
scaffold_1	654450	19990797	30.55	0	88
scaffold_2	499467	15389050	30.81	0	63
scaffold_3	440388	13635900	30.96	1	67
scaffold_4	429062	13189989	30.74	2	59
scaffold_5	424459	13362914	31.48	1	89
scaffold_6	368057	11392585	30.95	1	65
scaffold_7	361750	11193791	30.94	0	71
scaffold_8	341766	10549874	30.87	1	66
scaffold_9	337264	10637486	31.54	1	69
scaffold_10	331481	9948708	30.01	1	83
scaffold_11	277322	8442667	30.44	0	383
scaffold_12	274161	8605441	31.39	4	67
scaffold_13	268751	7941432	29.55	1	61
scaffold_14	264295	8365257	31.65	4	74
scaffold_15	263072	7932482	30.15	2	71
scaffold_16	256235	7837052	30.59	0	64
scaffold_17	247117	7989231	32.33	0	68
scaffold_18	245729	7295002	29.69	1	98
scaffold_19	244514	7297090	29.84	0	62
scaffold_20	237245	6990645	29.47	1	76
scaffold_21	236097	7264521	30.77	2	59
scaffold_22	232962	7306591	31.36	2	66
scaffold_23	223656	6576869	29.41	1	62
scaffold_24	222541	6828124	30.68	1	93
scaffold_25	219869	6877611	31.28	0	63
scaffold_26	213673	6443326	30.16	0	61
scaffold_27	213355	6468395	30.32	0	112
scaffold_28	206705	6218652	30.08	2	104
scaffold_29	200993	6023470	29.97	1	57
scaffold_30	197909	6199365	31.32	0	60
scaffold_31	197614	5745794	29.08	1	58
scaffold_32	195130	6084917	31.18	3	69
scaffold_33	191128	5842108	30.57	2	86
scaffold_34	174097	5629710	32.34	0	142
scaffold_35	172139	5368607	31.19	0	65
scaffold_36	171916	5452292	31.71	0	74
scaffold_37	165510	5221264	31.55	1	70
scaffold_38	165504	5147380	31.10	2	58
scaffold_39	164810	5118582	31.06	0	69
scaffold_40	163761	5020484	30.66	0	63
scaffold_41	162441	4901558	30.17	0	72
scaffold_42	158791	4893764	30.82	1	60
scaffold_43	153890	4668203	30.33	0	60
scaffold_44	153543	4533713	29.53	2	58
scaffold_45	152555	5092962	33.38	1	65
scaffold_46	149190	4620007	30.97	4	65
scaffold_47	148282	4678537	31.55	3	60
scaffold_48	143078	4315497	30.16	1	62
scaffold_49	142125	4167028	29.32	3	63
scaffold_50	140479	4181362	29.77	0	62
scaffold_51	140360	3896143	27.76	1	56
scaffold_52	137947	4167998	30.21	3	110
scaffold_53	137179	4222555	30.78	0	58
scaffold_54	137034	4115255	30.03	3	92
scaffold_55	136503	4057093	29.72	2	126
scaffold_56	134330	4323669	32.19	3	63
scaffold_57	134194	3910188	29.14	2	60
scaffold_58	133900	3838253	28.67	2	115
scaffold_59	131993	4155726	31.48	1	71
scaffold_60	126724	4037377	31.86	1	77
scaffold_61	126077	3786099	30.03	0	68
scaffold_62	125327	3781247	30.17	0	66
scaffold_63	122872	4016539	32.69	1	60
scaffold_64	122598	3738469	30.49	2	75
scaffold_65	121901	4017458	32.96	4	322
scaffold_66	121570	3869221	31.83	3	67
scaffold_67	119539	3420799	28.62	0	146
scaffold_68	118047	3521416	29.83	0	329
scaffold_69	115820	3794164	32.76	4	110
scaffold_70	115159	3385050	29.39	2	57
scaffold_71	115158	3275167	28.44	2	57
scaffold_72	114247	3603868	31.54	1	71
scaffold_73	111394	3304428	29.66	1	56
scaffold_74	106237	3663711	34.49	4	176
scaffold_75	105161	2983717	28.37	2	58
scaffold_76	104743	3129169	29.87	2	57
scaffold_77	104079	3185387	30.61	0	64
scaffold_78	103452	3181585	30.75	1	58
scaffold_79	103397	3351356	32.41	1	67
scaffold_80	102502	3126143	30.50	0	62
scaffold_81	102246	3193435	31.23	3	65
scaffold_82	99748	3134541	31.42	2	108
scaffold_83	98882	2921198	29.54	0	64
scaffold_84	97385	3368526	34.59	1	147
scaffold_85	95678	2885644	30.16	0	55
scaffold_86	93130	2840125	30.50	2	58
scaffold_87	92212	3176770	34.45	7	100
scaffold_88	88210	2652864	30.07	3	58
scaffold_89	88130	2603849	29.55	1	58
scaffold_90	87308	2808241	32.16	1	64
scaffold_91	87276	3013190	34.52	6	81
scaffold_92	86794	2946877	33.95	6	66
scaffold_93	85552	2724184	31.84	1	64
scaffold_94	81136	2551166	31.44	2	58
scaffold_95	80703	2407275	29.83	0	63
scaffold_96	79814	3153215	39.51	3	136
scaffold_97	76379	2351773	30.79	0	63
scaffold_98	75391	2165048	28.72	3	55
scaffold_99	72443	3104073	42.85	2	368
scaffold_100	69991	2372780	33.90	2	138
scaffold_101	69700	1973871	28.32	1	55
scaffold_102	69308	2031607	29.31	2	57
scaffold_103	69061	2646374	38.32	2	66
scaffold_104	69012	2219246	32.16	2	67
scaffold_105	67842	2019037	29.76	1	54
scaffold_106	66781	1928585	28.88	2	53
scaffold_107	65636	1802589	27.46	1	57
scaffold_108	65441	1999280	30.55	1	59
scaffold_109	63713	1924472	30.21	1	57
scaffold_110	63393	1833787	28.93	1	60
scaffold_111	62812	2281429	36.32	1	93
scaffold_112	62231	2021724	32.49	1	66
scaffold_113	60827	2066718	33.98	3	62
scaffold_114	59364	1617740	27.25	0	90
scaffold_115	58734	1960918	33.39	2	63
scaffold_116	53809	1722045	32.00	1	118
scaffold_117	53681	2343720	43.66	2	359
scaffold_118	53035	1534095	28.93	2	54
scaffold_119	52945	1563880	29.54	1	56
scaffold_120	51713	1570539	30.37	1	176
scaffold_121	50060	1445206	28.87	2	80
scaffold_122	48520	1505421	31.03	1	62
scaffold_123	47294	1399138	29.58	1	70
scaffold_124	47280	1738030	36.76	8	73
scaffold_125	46734	1351868	28.93	1	57
scaffold_126	41272	1787321	43.31	2	190
scaffold_127	40219	1121097	27.87	2	58
scaffold_128	40089	1230755	30.70	2	73
scaffold_129	39989	1830021	45.76	8	113
scaffold_130	39927	1164002	29.15	0	54
scaffold_131	39897	1193682	29.92	3	75
scaffold_132	39313	1088909	27.70	1	56
scaffold_133	38494	1040879	27.04	1	53
scaffold_134	37373	1359009	36.36	1	81
scaffold_135	37240	1562552	41.96	3	71
scaffold_136	35752	982347	27.48	1	222
scaffold_137	35314	970958	27.49	0	51
scaffold_138	35033	991267	28.30	1	55
scaffold_139	34750	985661	28.36	1	54
scaffold_140	34072	1025853	30.11	1	58
scaffold_141	33454	1322561	39.53	3	107
scaffold_142	33374	1025305	30.72	1	63
scaffold_143	33158	1037629	31.29	1	68
scaffold_144	33134	1247127	37.64	2	110
scaffold_145	33105	903983	27.31	1	51
scaffold_146	32625	1129381	34.62	1	104
scaffold_147	32253	946718	29.35	1	60
scaffold_148	31627	788606	24.93	0	115
scaffold_149	31134	825364	26.51	1	50
scaffold_150	30632	765487	24.99	1	57
scaffold_151	30498	1189418	39.00	6	80
scaffold_152	29708	873253	29.39	1	57
scaffold_153	29569	1012699	34.25	2	62
scaffold_154	29532	1021594	34.59	1	69
scaffold_155	28216	927843	32.88	3	62
scaffold_156	27710	930587	33.58	2	66
scaffold_157	27228	669095	24.57	3	55
scaffold_158	26879	1062865	39.54	7	68
scaffold_159	26460	934292	35.31	4	68
scaffold_160	26452	1199213	45.34	4	241
scaffold_161	26000	708911	27.27	2	52
scaffold_162	25985	796681	30.66	4	65
scaffold_163	25433	598845	23.55	3	50
scaffold_164	25376	726436	28.63	1	57
scaffold_165	24167	762496	31.55	2	60
scaffold_166	23219	590143	25.42	2	52
scaffold_167	22720	985317	43.37	4	69
scaffold_168	22641	562789	24.86	1	48
scaffold_169	22384	420894	18.80	0	45
scaffold_170	22027	576689	26.18	2	48
scaffold_171	21747	627606	28.86	0	54
scaffold_172	21716	582344	26.82	1	63
scaffold_173	21691	719627	33.18	2	275
scaffold_174	21047	529409	25.15	1	49
scaffold_175	20737	596536	28.77	1	54
scaffold_176	20487	961023	46.91	7	547
scaffold_177	19828	861815	43.46	2	170
scaffold_178	19338	720399	37.25	3	67
scaffold_179	18506	799759	43.22	6	119
scaffold_180	18218	774725	42.53	2	97
scaffold_181	18203	398924	21.92	1	43
scaffold_182	18000	479909	26.66	2	59
scaffold_183	17988	753123	41.87	5	160
scaffold_184	17666	716013	40.53	4	92
scaffold_185	17253	637333	36.94	3	67
scaffold_186	17242	456204	26.46	1	58
scaffold_187	16971	512085	30.17	4	56
scaffold_188	16147	672754	41.66	3	70
scaffold_189	15733	662300	42.10	9	162
scaffold_190	15353	624222	40.66	7	96
scaffold_191	14909	328424	22.03	1	43
scaffold_192	14442	585055	40.51	2	69
scaffold_193	14199	497474	35.04	5	61
scaffold_194	13938	580215	41.63	4	102
scaffold_195	13835	498266	36.01	2	126
scaffold_196	13564	533635	39.34	0	67
scaffold_197	12989	574049	44.20	5	67
scaffold_198	12606	309277	24.53	1	55
scaffold_199	12564	518359	41.26	1	76
scaffold_200	12536	10186651	812.59	8	2111
scaffold_201	12512	924775	73.91	3	649
scaffold_202	12502	445609	35.64	3	63
scaffold_203	12451	517018	41.52	7	96
scaffold_204	12406	352733	28.43	1	52
scaffold_206	12316	490832	39.85	5	69
scaffold_207	12275	497905	40.56	6	60
scaffold_208	12257	518275	42.28	1	123
scaffold_209	11868	471843	39.76	1	58
scaffold_210	11863	500677	42.20	9	93
scaffold_211	11157	856221	76.74	8	387
scaffold_212	11024	241983	21.95	1	85
scaffold_213	10992	432730	39.37	4	57
scaffold_214	10744	459314	42.75	3	149
scaffold_215	10727	418421	39.01	5	113
scaffold_216	10674	678567	63.57	5	346
scaffold_219	9838	429089	43.62	9	171
scaffold_220	9784	383761	39.22	1	99
scaffold_221	9784	272697	27.87	2	51
scaffold_222	9589	414089	43.18	5	66
scaffold_223	9383	396170	42.22	2	102
scaffold_224	9331	395967	42.44	2	112
scaffold_225	9181	346409	37.73	1	62
scaffold_226	9107	338785	37.20	3	62
scaffold_227	9011	193791	21.51	2	53
scaffold_229	8386	413878	49.35	4	231
scaffold_230	8266	346174	41.88	2	68
scaffold_231	8181	180496	22.06	1	41
scaffold_232	8010	193369	24.14	5	153
scaffold_233	7970	343145	43.05	2	121
scaffold_234	7797	402491	51.62	3	168
scaffold_235	7677	324272	42.24	6	70
scaffold_236	7451	375481	50.39	3	142
scaffold_237	7441	281294	37.80	3	57
scaffold_238	6778	308577	45.53	3	140
scaffold_239	6352	145861	22.96	1	102
scaffold_240	6312	384686	60.95	3	234
scaffold_241	6301	125564	19.93	1	35
scaffold_242	6245	268597	43.01	4	71
scaffold_243	6158	270012	43.85	5	73
scaffold_244	6131	297968	48.60	1	148
scaffold_245	6123	108237	17.68	1	37
scaffold_246	5899	130353	22.10	1	47
scaffold_247	5877	303980	51.72	6	311
scaffold_248	5752	265283	46.12	6	88
scaffold_249	5669	223909	39.50	5	62
scaffold_250	5586	164925	29.52	2	50
scaffold_251	5522	243290	44.06	4	78
scaffold_252	5340	85887	16.08	0	33
scaffold_253	5335	223889	41.97	4	68
scaffold_254	5238	251574	48.03	11	232
scaffold_255	4654	96801	20.80	1	44
scaffold_256	4605	232371	50.46	3	157
scaffold_257	4544	204609	45.03	2	70
scaffold_258	4539	196475	43.29	3	69
scaffold_259	4487	863305	192.40	24	921
scaffold_260	4486	80541	17.95	1	34
scaffold_261	4168	78543	18.84	1	39
scaffold_262	4131	170976	41.39	4	57
scaffold_263	4074	175307	43.03	3	60
scaffold_264	4031	265722	65.92	6	343
scaffold_265	3989	87707	21.99	2	40
scaffold_266	3860	88469	22.92	1	44
scaffold_267	3659	61589	16.83	0	38
scaffold_268	3564	50834	14.26	3	27
scaffold_269	3506	222920	63.58	8	194
scaffold_270	3438	145657	42.37	7	65
scaffold_271	3333	60885	18.27	1	45
scaffold_272	3330	312850	93.95	8	550
scaffold_273	3305	60155	18.20	1	35
scaffold_274	3281	140913	42.95	2	66
scaffold_275	3263	62622	19.19	3	35
scaffold_276	3165	44485	14.06	1	29
scaffold_277	3138	52356	16.68	1	38
scaffold_278	3081	134255	43.58	2	63
scaffold_279	3061	130127	42.51	3	61
scaffold_280	3028	45074	14.89	1	31
scaffold_281	2969	128226	43.19	6	63
scaffold_282	2969	34813	11.73	2	30
scaffold_283	2725	224221	82.28	7	469
scaffold_284	2652	48290	18.21	2	34
scaffold_285	2649	35007	13.22	1	28
scaffold_286	2571	38022	14.79	2	33
scaffold_287	2379	132909	55.87	3	105
scaffold_288	2374	586468	247.04	6	1552
scaffold_290	2251	22336	9.92	1	21
scaffold_291	2225	611481	274.82	2	1098
scaffold_292	2175	343188	157.79	14	469
scaffold_293	2069	1558407	753.22	19	1532
scaffold_294	2063	276444	134.00	4	614
scaffold_295	2058	251166	122.04	4	314
scaffold_296	2042	71565	35.05	2	60
scaffold_297	1944	27494	14.14	1	29
scaffold_299	1905	26348	13.83	3	22
scaffold_300	1899	29252	15.40	1	29
scaffold_301	1896	73838	38.94	3	55
scaffold_303	1849	751022	406.18	2	1334
scaffold_304	1834	427664	233.19	8	299
scaffold_305	1774	205929	116.08	2	426
scaffold_307	1730	446946	258.35	22	603
scaffold_308	1717	22172	12.91	1	30
scaffold_309	1694	94044	55.52	1	168
scaffold_311	1687	188686	111.85	5	301
scaffold_312	1683	253677	150.73	3	334
scaffold_313	1674	281058	167.90	11	602
scaffold_314	1607	65946	41.04	3	62
scaffold_315	1589	299072	188.21	3	420
scaffold_316	1582	29477	18.63	1	35
scaffold_317	1562	83479	53.44	5	90
scaffold_318	1552	11815	7.61	1	15
scaffold_319	1476	94607	64.10	11	187
scaffold_320	1452	12195	8.40	1	28
scaffold_321	1443	58995	40.88	5	61
scaffold_322	1440	48014	33.34	4	47
scaffold_323	1407	340481	241.99	17	342
scaffold_324	1401	9810	7.00	1	16
scaffold_325	1277	15859	12.42	1	24
scaffold_326	1270	19148	15.08	1	33
scaffold_328	1207	179496	148.71	6	351
scaffold_329	1205	55848	46.35	0	78
scaffold_330	1178	13557	11.51	1	20
scaffold_331	1169	9815	8.40	2	17
scaffold_332	1100	900926	819.02	30	1440
scaffold_333	1094	502398	459.23	2	1421
scaffold_334	1085	15540	14.32	1	23
scaffold_335	1077	41746	38.76	5	53
scaffold_337	1015	8146	8.03	1	17
total	21644494	729335753	33.70	0	2111
