chrom	length	bases	mean	min	max
mt	53563	22218814	414.82	200	547
scaffold_1	163707	3579248	21.86	3	46
scaffold_2	150076	3269224	21.78	3	47
scaffold_3	129287	2806363	21.71	6	48
scaffold_4	124554	2664408	21.39	4	43
scaffold_5	122020	2626273	21.52	2	47
scaffold_6	116679	2506839	21.48	4	48
scaffold_7	114094	2434716	21.34	2	569
scaffold_8	107626	2315412	21.51	6	44
scaffold_9	100724	2215383	21.99	6	48
scaffold_10	100672	2229924	22.15	5	309
scaffold_11	100651	2122998	21.09	5	44
scaffold_12	96113	2039415	21.22	3	42
scaffold_13	94403	2065481	21.88	5	52
scaffold_14	92963	1982876	21.33	4	41
scaffold_15	91769	1986769	21.65	5	44
scaffold_16	90409	1847527	20.44	4	42
scaffold_17	89140	1888271	21.18	6	47
scaffold_18	88959	1927931	21.67	4	45
scaffold_19	86779	1864141	21.48	6	42
scaffold_20	85874	1849693	21.54	4	41
scaffold_21	83382	1753628	21.03	4	42
scaffold_22	82835	1760964	21.26	5	43
scaffold_23	82498	1796566	21.78	3	46
scaffold_24	81943	1710024	20.87	5	43
scaffold_25	80338	1704841	21.22	4	43
scaffold_26	80249	1685060	21.00	4	46
scaffold_27	79246	1657572	20.92	5	42
scaffold_28	77555	1713614	22.10	6	44
scaffold_29	77045	1689409	21.93	4	40
scaffold_30	75526	1538460	20.37	5	40
scaffold_31	74998	1670605	22.28	5	46
scaffold_32	72967	1510513	20.70	5	44
scaffold_33	72273	1507879	20.86	5	47
scaffold_34	71315	1562808	21.91	5	47
scaffold_35	70932	1491455	21.03	4	47
scaffold_36	69718	1432287	20.54	3	40
scaffold_37	68988	1460976	21.18	4	46
scaffold_38	68942	1465856	21.26	2	45
scaffold_39	68763	1466164	21.32	7	151
scaffold_40	68711	1405135	20.45	5	42
scaffold_41	67871	1462408	21.55	5	42
scaffold_42	67258	1520106	22.60	3	48
scaffold_43	66942	1419521	21.21	3	43
scaffold_44	64009	1426348	22.28	5	45
scaffold_45	63258	1300713	20.56	5	41
scaffold_46	63084	1388670	22.01	5	43
scaffold_47	62215	1294368	20.80	3	41
scaffold_48	61996	1252843	20.21	6	42
scaffold_49	61915	1360086	21.97	5	43
scaffold_50	61691	1386973	22.48	0	52
scaffold_51	61297	1398048	22.81	3	46
scaffold_52	60778	1284859	21.14	5	43
scaffold_53	60699	1250521	20.60	5	41
scaffold_54	60258	1302662	21.62	5	42
scaffold_55	59817	1268497	21.21	3	39
scaffold_56	59408	1226622	20.65	3	45
scaffold_57	59338	1235697	20.82	2	46
scaffold_58	59240	1253684	21.16	4	40
scaffold_59	58620	1220143	20.81	3	38
scaffold_60	58301	1312132	22.51	5	41
scaffold_61	58117	1242891	21.39	4	45
scaffold_62	57954	1213229	20.93	5	43
scaffold_63	57801	1212424	20.98	5	47
scaffold_64	57632	1367947	23.74	4	46
scaffold_65	57161	1268957	22.20	4	44
scaffold_66	57033	1250753	21.93	4	43
scaffold_67	56748	1224675	21.58	5	103
scaffold_68	56663	1245023	21.97	5	44
scaffold_69	56486	1226583	21.71	3	44
scaffold_70	56057	1218865	21.74	3	76
scaffold_71	55915	1176264	21.04	3	41
scaffold_72	55767	1163170	20.86	6	40
scaffold_73	55557	1274150	22.93	5	85
scaffold_74	55517	1190897	21.45	6	43
scaffold_75	55312	1175726	21.26	2	42
scaffold_76	54200	1199385	22.13	6	44
scaffold_77	53844	1163710	21.61	4	46
scaffold_78	53219	1083096	20.35	3	45
scaffold_79	53162	1105525	20.80	5	47
scaffold_80	52780	1110292	21.04	3	42
scaffold_81	52281	1107550	21.18	5	42
scaffold_82	52146	1159516	22.24	6	44
scaffold_83	51751	1139050	22.01	4	44
scaffold_84	50793	1081539	21.29	5	39
scaffold_85	50617	1039972	20.55	4	49
scaffold_86	50550	1059488	20.96	3	41
scaffold_87	50546	1086630	21.50	5	45
scaffold_88	49869	1011847	20.29	4	44
scaffold_89	49730	1049757	21.11	3	39
scaffold_90	49314	1093193	22.17	6	43
scaffold_91	48971	1033520	21.10	4	50
scaffold_92	48904	1095570	22.40	7	155
scaffold_93	48851	974034	19.94	3	42
scaffold_94	48663	987190	20.29	5	197
scaffold_95	47826	1037176	21.69	4	48
scaffold_96	47698	1022149	21.43	2	42
scaffold_97	47193	1010718	21.42	4	161
scaffold_98	47022	1074581	22.85	4	49
scaffold_99	46939	993285	21.16	3	46
scaffold_100	46834	1012858	21.63	6	58
scaffold_101	46581	977063	20.98	3	180
scaffold_102	46420	977693	21.06	4	44
scaffold_103	46286	973464	21.03	6	41
scaffold_104	46283	984913	21.28	6	40
scaffold_105	45068	977247	21.68	5	40
scaffold_106	44563	971684	21.80	6	48
scaffold_107	44275	896235	20.24	3	42
scaffold_108	44213	908247	20.54	6	43
scaffold_109	43984	905270	20.58	3	43
scaffold_110	43951	913034	20.77	5	43
scaffold_111	43606	914978	20.98	4	266
scaffold_112	43499	937691	21.56	6	45
scaffold_113	43472	904632	20.81	5	44
scaffold_114	43454	881878	20.29	6	47
scaffold_115	43025	967180	22.48	6	47
scaffold_116	42614	865365	20.31	4	43
scaffold_117	42460	948934	22.35	4	41
scaffold_118	42377	881414	20.80	6	40
scaffold_119	42247	985180	23.32	6	86
scaffold_120	42016	922560	21.96	4	42
scaffold_121	41998	854471	20.35	4	47
scaffold_122	41545	849645	20.45	4	39
scaffold_123	41524	780618	18.80	3	40
scaffold_124	41468	877330	21.16	2	43
scaffold_125	41448	870740	21.01	6	45
scaffold_126	41257	911044	22.08	4	44
scaffold_127	41064	854393	20.81	5	42
scaffold_128	40945	813412	19.87	3	43
scaffold_129	40675	868424	21.35	7	40
scaffold_130	40007	856202	21.40	4	42
scaffold_131	39990	849092	21.23	6	39
scaffold_132	39927	753182	18.86	2	39
scaffold_133	39742	808637	20.35	5	41
scaffold_134	39475	841041	21.31	3	42
scaffold_135	39459	845810	21.44	3	42
scaffold_136	39415	791888	20.09	5	41
scaffold_137	39340	823383	20.93	4	41
scaffold_138	39308	769136	19.57	4	131
scaffold_139	39034	739179	18.94	4	62
scaffold_140	38500	882004	22.91	6	44
scaffold_141	38335	841634	21.95	4	97
scaffold_142	38256	822622	21.50	4	40
scaffold_143	38202	802310	21.00	3	42
scaffold_144	38192	753203	19.72	6	38
scaffold_145	38044	837698	22.02	4	55
scaffold_146	38034	798360	20.99	4	42
scaffold_147	37815	821725	21.73	5	48
scaffold_148	37510	781524	20.84	6	40
scaffold_149	37428	824847	22.04	7	40
scaffold_150	37311	742785	19.91	3	42
scaffold_151	37269	768578	20.62	6	44
scaffold_152	36994	756200	20.44	4	38
scaffold_153	36979	821887	22.23	5	49
scaffold_154	36571	821127	22.45	7	40
scaffold_155	36301	822191	22.65	4	46
scaffold_156	36140	715121	19.79	6	43
scaffold_157	36027	759078	21.07	6	152
scaffold_158	36000	779297	21.65	6	42
scaffold_159	35699	694101	19.44	3	38
scaffold_160	35662	731831	20.52	5	43
scaffold_161	35653	744582	20.88	2	39
scaffold_162	35570	740329	20.81	5	41
scaffold_163	35437	763372	21.54	6	42
scaffold_164	35425	786208	22.19	6	46
scaffold_165	35371	738786	20.89	5	42
scaffold_166	35109	715849	20.39	3	41
scaffold_167	34838	764694	21.95	7	44
scaffold_168	34791	736445	21.17	4	42
scaffold_169	34724	618599	17.81	5	34
scaffold_170	34656	727359	20.99	3	42
scaffold_172	34579	757001	21.89	8	45
scaffold_173	34515	773263	22.40	8	42
scaffold_174	34428	699621	20.32	3	38
scaffold_175	34413	739614	21.49	5	43
scaffold_176	34313	720251	20.99	4	294
scaffold_177	34107	716143	21.00	3	42
scaffold_178	33943	688330	20.28	4	42
scaffold_179	33820	780850	23.09	6	51
scaffold_180	33599	737840	21.96	6	53
scaffold_181	33401	692641	20.74	6	50
scaffold_182	33057	626002	18.94	3	39
scaffold_183	32972	644252	19.54	4	41
scaffold_184	32922	737479	22.40	4	47
scaffold_185	32521	730103	22.45	2	41
scaffold_186	32377	699105	21.59	4	40
scaffold_187	32369	698948	21.59	5	43
scaffold_188	32327	710967	21.99	7	42
scaffold_189	32321	660128	20.42	6	48
scaffold_190	32264	749477	23.23	7	191
scaffold_191	32250	707383	21.93	5	49
scaffold_192	32153	708096	22.02	5	46
scaffold_193	32074	651058	20.30	4	39
scaffold_194	32056	683757	21.33	6	46
scaffold_195	31991	647707	20.25	4	39
scaffold_196	31964	692200	21.66	6	40
scaffold_197	31848	682289	21.42	5	41
scaffold_198	31839	672348	21.12	4	41
scaffold_199	31709	689029	21.73	5	40
scaffold_200	31661	659279	20.82	4	46
scaffold_201	31639	676055	21.37	5	42
scaffold_202	31509	646392	20.51	5	38
scaffold_203	31113	636611	20.46	6	40
scaffold_204	31031	648131	20.89	5	42
scaffold_205	31019	658729	21.24	6	41
scaffold_206	30965	616228	19.90	3	46
scaffold_207	30850	633461	20.53	2	40
scaffold_208	30777	594668	19.32	4	53
scaffold_209	30774	702356	22.82	6	40
scaffold_210	30683	650762	21.21	5	38
scaffold_211	30134	703550	23.35	6	44
scaffold_212	30074	707980	23.54	8	46
scaffold_213	30056	642688	21.38	5	38
scaffold_214	30052	607005	20.20	6	44
scaffold_215	29811	557518	18.70	3	36
scaffold_216	29765	633396	21.28	3	38
scaffold_217	29565	597670	20.22	5	36
scaffold_218	29550	571407	19.34	4	56
scaffold_219	29505	643562	21.81	6	40
scaffold_220	29488	612865	20.78	6	39
scaffold_221	29423	655543	22.28	4	42
scaffold_222	29303	554670	18.93	3	41
scaffold_223	29262	647209	22.12	6	41
scaffold_224	29150	672758	23.08	6	183
scaffold_225	28925	607289	21.00	7	46
scaffold_226	28633	563041	19.66	4	42
scaffold_227	28533	599954	21.03	6	41
scaffold_228	28430	632084	22.23	4	41
scaffold_229	28408	643186	22.64	3	39
scaffold_230	28286	630268	22.28	4	40
scaffold_231	28145	610508	21.69	5	40
scaffold_232	28002	627933	22.42	6	45
scaffold_233	27926	592507	21.22	6	42
scaffold_234	27824	589596	21.19	6	38
scaffold_235	27762	614741	22.14	9	47
scaffold_236	27671	557248	20.14	4	42
scaffold_237	27513	603486	21.93	6	38
scaffold_238	27476	580259	21.12	4	42
scaffold_239	27267	585645	21.48	4	41
scaffold_240	27250	490389	18.00	4	56
scaffold_241	27176	553148	20.35	2	40
scaffold_242	27131	600382	22.13	2	40
scaffold_243	27028	561301	20.77	5	42
scaffold_244	27028	572826	21.19	5	39
scaffold_245	27022	485750	17.98	4	51
scaffold_246	26843	572374	21.32	4	41
scaffold_247	26781	524023	19.57	4	42
scaffold_248	26564	542921	20.44	6	42
scaffold_249	26415	548603	20.77	4	41
scaffold_250	26344	521233	19.79	3	38
scaffold_251	26311	574973	21.85	5	59
scaffold_252	26301	502562	19.11	4	36
scaffold_253	26295	560116	21.30	3	41
scaffold_254	26260	523121	19.92	5	40
scaffold_255	26151	540376	20.66	5	42
scaffold_256	26136	520722	19.92	5	36
scaffold_257	26135	550303	21.06	4	39
scaffold_258	25832	514745	19.93	6	36
scaffold_259	25807	558867	21.66	2	43
scaffold_260	25525	536738	21.03	5	44
scaffold_261	25350	554922	21.89	4	41
scaffold_262	25332	536703	21.19	3	45
scaffold_263	25261	533812	21.13	2	39
scaffold_264	25090	516775	20.60	4	44
scaffold_265	25044	554530	22.14	6	49
scaffold_266	24997	518596	20.75	4	42
scaffold_267	24978	532975	21.34	5	43
scaffold_268	24835	512847	20.65	5	122
scaffold_269	24767	508035	20.51	2	45
scaffold_270	24681	535200	21.68	2	42
scaffold_271	24667	494466	20.05	5	38
scaffold_272	24622	498728	20.26	2	43
scaffold_273	24539	512809	20.90	4	45
scaffold_274	24510	492614	20.10	4	40
scaffold_275	24486	517493	21.13	5	40
scaffold_276	24232	552159	22.79	7	45
scaffold_277	24202	480605	19.86	5	42
scaffold_278	24149	511972	21.20	4	42
scaffold_279	24123	519301	21.53	6	40
scaffold_280	24120	516720	21.42	5	42
scaffold_281	24076	456771	18.97	3	37
scaffold_282	24019	462723	19.26	6	40
scaffold_283	23837	477532	20.03	4	42
scaffold_284	23795	449710	18.90	4	43
scaffold_285	23757	487469	20.52	2	46
scaffold_286	23677	532386	22.49	9	41
scaffold_287	23666	497129	21.01	3	43
scaffold_288	23475	499116	21.26	6	40
scaffold_289	23431	471626	20.13	4	44
scaffold_290	23347	500274	21.43	5	43
scaffold_291	23281	500130	21.48	5	129
scaffold_292	23226	454429	19.57	5	38
scaffold_293	23110	594260	25.71	8	444
scaffold_294	23076	467345	20.25	5	42
scaffold_295	23052	467755	20.29	5	40
scaffold_296	23040	540828	23.47	3	69
scaffold_297	23018	435164	18.91	3	118
scaffold_298	22986	500263	21.76	8	47
scaffold_299	22984	459653	20.00	4	40
scaffold_300	22666	476789	21.04	2	38
scaffold_301	22654	507594	22.41	5	46
scaffold_302	22546	445385	19.75	5	38
scaffold_303	22420	448195	19.99	4	38
scaffold_304	22332	491580	22.01	3	40
scaffold_305	22160	466917	21.07	6	42
scaffold_306	22106	485457	21.96	4	37
scaffold_307	21994	465680	21.17	6	37
scaffold_308	21972	455168	20.72	5	41
scaffold_309	21939	467385	21.30	6	43
scaffold_310	21919	483254	22.05	5	43
scaffold_311	21905	502031	22.92	5	39
scaffold_312	21894	456625	20.86	3	38
scaffold_313	21646	439858	20.32	7	41
scaffold_314	21610	435426	20.15	4	40
scaffold_315	21567	439934	20.40	3	47
scaffold_316	21326	440380	20.65	4	44
scaffold_317	21285	416159	19.55	5	43
scaffold_318	21171	469153	22.16	6	81
scaffold_319	20936	428163	20.45	6	37
scaffold_320	20704	461768	22.30	7	42
scaffold_321	20677	428239	20.71	4	40
scaffold_322	20572	449037	21.83	7	39
scaffold_323	20459	431556	21.09	4	41
scaffold_324	20399	394694	19.35	5	45
scaffold_325	20307	414036	20.39	2	43
scaffold_326	20245	460763	22.76	4	41
scaffold_327	20113	398333	19.80	6	44
scaffold_328	20021	405547	20.26	6	41
scaffold_329	19976	382159	19.13	6	41
scaffold_330	19707	432077	21.93	6	44
scaffold_331	19695	424983	21.58	5	36
scaffold_332	19515	406530	20.83	3	46
scaffold_333	19507	404142	20.72	3	40
scaffold_334	19360	404484	20.89	5	42
scaffold_335	19348	363796	18.80	5	38
scaffold_336	19300	369008	19.12	5	42
scaffold_337	19273	358475	18.60	4	41
scaffold_338	19125	405175	21.19	4	40
scaffold_339	19111	377631	19.76	5	41
scaffold_340	19086	455084	23.84	9	229
scaffold_341	19074	346826	18.18	4	33
scaffold_342	19072	392781	20.59	6	36
scaffold_343	19060	424285	22.26	6	136
scaffold_344	19046	412301	21.65	6	46
scaffold_345	18957	342260	18.05	4	39
scaffold_346	18858	371052	19.68	4	39
scaffold_347	18849	345335	18.32	6	37
scaffold_348	18802	397233	21.13	4	37
scaffold_349	18764	362214	19.30	4	38
scaffold_350	18751	375640	20.03	4	37
scaffold_351	18593	391933	21.08	7	38
scaffold_352	18529	372916	20.13	4	49
scaffold_353	18521	351282	18.97	5	32
scaffold_354	18511	407547	22.02	7	39
scaffold_355	18323	384185	20.97	6	44
scaffold_356	18310	385896	21.08	6	40
scaffold_357	18290	370184	20.24	5	43
scaffold_358	18218	413526	22.70	9	88
scaffold_359	18002	350690	19.48	5	38
scaffold_360	18000	365712	20.32	5	43
scaffold_361	17915	341557	19.07	4	39
scaffold_362	17892	381435	21.32	5	38
scaffold_364	17768	345143	19.42	4	41
scaffold_365	17736	378852	21.36	5	46
scaffold_366	17617	376497	21.37	3	41
scaffold_367	17566	377119	21.47	5	42
scaffold_368	17505	343119	19.60	6	55
scaffold_369	17488	382667	21.88	3	44
scaffold_370	17391	393005	22.60	5	41
scaffold_371	17319	362796	20.95	7	35
scaffold_372	17314	356469	20.59	4	38
scaffold_373	17279	305407	17.68	4	38
scaffold_374	16992	353931	20.83	4	40
scaffold_375	16987	312338	18.39	3	37
scaffold_376	16963	293139	17.28	4	32
scaffold_377	16946	343992	20.30	4	37
scaffold_378	16804	315866	18.80	5	39
scaffold_379	16791	312810	18.63	5	36
scaffold_380	16790	351007	20.91	2	38
scaffold_381	16776	334716	19.95	4	239
scaffold_382	16692	298709	17.90	2	40
scaffold_383	16692	350231	20.98	4	40
scaffold_384	16567	340019	20.52	5	36
scaffold_385	16556	387047	23.38	8	41
scaffold_386	16508	365204	22.12	7	42
scaffold_387	16493	363830	22.06	4	40
scaffold_388	16483	359461	21.81	5	41
scaffold_389	16438	374305	22.77	3	206
scaffold_390	16432	358026	21.79	4	43
scaffold_391	16381	367267	22.42	7	43
scaffold_392	16357	316925	19.38	4	35
scaffold_393	16194	300609	18.56	4	35
scaffold_394	16163	300448	18.59	4	40
scaffold_395	16131	330391	20.48	5	38
scaffold_396	16084	341353	21.22	7	39
scaffold_397	16083	331039	20.58	5	42
scaffold_398	16029	314534	19.62	3	38
scaffold_399	15996	311265	19.46	3	38
scaffold_400	15939	331098	20.77	6	35
scaffold_401	15908	321013	20.18	5	40
scaffold_402	15879	342535	21.57	4	36
scaffold_403	15865	299095	18.85	2	37
scaffold_404	15858	365692	23.06	4	41
scaffold_405	15760	346902	22.01	4	49
scaffold_406	15759	321846	20.42	4	40
scaffold_407	15755	341408	21.67	5	41
scaffold_408	15744	308385	19.59	6	35
scaffold_409	15687	356734	22.74	7	38
scaffold_410	15659	316897	20.24	4	37
scaffold_411	15643	344004	21.99	5	44
scaffold_412	15614	340022	21.78	7	40
scaffold_413	15603	337423	21.63	7	102
scaffold_414	15593	307004	19.69	5	36
scaffold_415	15591	474973	30.46	3	1339
scaffold_416	15519	324453	20.91	5	38
scaffold_417	15514	290256	18.71	3	37
scaffold_418	15484	321834	20.78	5	41
scaffold_419	15403	296433	19.25	5	48
scaffold_420	15314	292752	19.12	5	39
scaffold_421	15274	303897	19.90	3	40
scaffold_422	15235	309196	20.30	5	41
scaffold_423	15181	297724	19.61	5	38
scaffold_424	15179	267290	17.61	4	35
scaffold_425	15168	302034	19.91	5	40
scaffold_426	15156	302663	19.97	7	39
scaffold_427	15086	263574	17.47	4	37
scaffold_428	15053	319921	21.25	5	42
scaffold_429	15051	344878	22.91	10	40
scaffold_430	14970	310947	20.77	4	36
scaffold_431	14952	288490	19.29	6	36
scaffold_432	14927	277516	18.59	4	38
scaffold_433	14909	312690	20.97	4	35
scaffold_434	14887	309589	20.80	7	43
scaffold_435	14854	320549	21.58	6	46
scaffold_436	14640	305658	20.88	4	36
scaffold_437	14639	299171	20.44	5	42
scaffold_438	14602	292134	20.01	6	38
scaffold_439	14599	308449	21.13	6	42
scaffold_440	14578	320825	22.01	9	35
scaffold_441	14575	283561	19.46	6	38
scaffold_442	14518	289078	19.91	3	40
scaffold_443	14507	318152	21.93	8	40
scaffold_444	14486	315152	21.76	7	156
scaffold_445	14451	335404	23.21	5	42
scaffold_446	14403	286834	19.91	6	78
scaffold_447	14287	310203	21.71	8	43
scaffold_448	14119	276332	19.57	5	38
scaffold_449	14069	299067	21.26	5	36
scaffold_450	13998	310445	22.18	7	41
scaffold_451	13862	264527	19.08	4	35
scaffold_452	13841	289509	20.92	6	37
scaffold_453	13821	267148	19.33	3	36
scaffold_454	13654	265979	19.48	4	36
scaffold_455	13632	301325	22.10	7	37
scaffold_456	13385	229203	17.12	3	35
scaffold_457	13310	240346	18.06	5	48
scaffold_458	13235	276933	20.92	8	41
scaffold_459	13221	249568	18.88	5	38
scaffold_460	13205	243410	18.43	6	32
scaffold_461	13197	339671	25.74	9	65
scaffold_462	13168	312253	23.71	6	39
scaffold_463	13155	289563	22.01	7	45
scaffold_464	13121	264792	20.18	7	37
scaffold_465	13028	292288	22.44	8	44
scaffold_466	13026	292278	22.44	7	165
scaffold_467	13025	232127	17.82	4	38
scaffold_468	12911	246682	19.11	6	41
scaffold_469	12880	273207	21.21	6	39
scaffold_470	12870	259436	20.16	7	44
scaffold_471	12840	229765	17.89	4	33
scaffold_472	12823	275573	21.49	5	38
scaffold_473	12732	280389	22.02	5	44
scaffold_474	12653	305590	24.15	8	42
scaffold_475	12541	271206	21.63	5	42
scaffold_476	12539	257564	20.54	4	41
scaffold_477	12528	263885	21.06	6	40
scaffold_478	12472	279751	22.43	7	45
scaffold_479	12471	252553	20.25	4	44
scaffold_480	12403	302049	24.35	7	328
scaffold_481	12389	250213	20.20	7	44
scaffold_482	12335	218386	17.70	4	91
scaffold_483	12225	224787	18.39	5	35
scaffold_484	12223	260180	21.29	4	41
scaffold_485	12206	235672	19.31	4	40
scaffold_486	12138	226918	18.69	4	37
scaffold_487	12122	267641	22.08	4	41
scaffold_488	11966	264739	22.12	5	57
scaffold_489	11944	220901	18.49	6	42
scaffold_490	11936	225736	18.91	2	44
scaffold_491	11922	205154	17.21	5	36
scaffold_492	11867	269478	22.71	7	44
scaffold_493	11811	249427	21.12	6	37
scaffold_494	11790	250793	21.27	5	42
scaffold_495	11709	238332	20.35	5	37
scaffold_496	11668	240957	20.65	4	38
scaffold_497	11568	231816	20.04	3	38
scaffold_498	11537	265269	22.99	5	398
scaffold_499	11533	241296	20.92	7	74
scaffold_500	11440	249289	21.79	5	37
scaffold_501	11438	218892	19.14	3	36
scaffold_502	11433	233023	20.38	6	38
scaffold_503	11429	253322	22.16	6	187
scaffold_504	11421	246343	21.57	8	39
scaffold_505	11218	227342	20.27	8	39
scaffold_506	11209	212448	18.95	4	37
scaffold_507	11167	228159	20.43	4	37
scaffold_508	11094	203650	18.36	3	35
scaffold_509	11089	225233	20.31	5	63
scaffold_510	11041	288134	26.10	7	229
scaffold_511	10905	222990	20.45	8	37
scaffold_512	10905	196523	18.02	3	39
scaffold_513	10898	229354	21.05	4	39
scaffold_514	10806	247735	22.93	7	39
scaffold_515	10759	243889	22.67	6	324
scaffold_516	10652	209390	19.66	5	58
scaffold_517	10651	220749	20.73	6	38
scaffold_518	10559	236051	22.36	7	95
scaffold_519	10558	212808	20.16	9	36
scaffold_520	10536	225112	21.37	3	42
scaffold_521	10385	246685	23.75	8	63
scaffold_522	10351	175994	17.00	5	39
scaffold_523	10280	199981	19.45	7	34
scaffold_524	10275	212916	20.72	9	39
scaffold_525	10231	214536	20.97	6	41
scaffold_526	10214	206968	20.26	5	37
scaffold_527	10150	284191	28.00	8	423
scaffold_528	10139	220586	21.76	4	39
scaffold_529	10108	192554	19.05	5	33
scaffold_530	10086	204595	20.29	5	42
scaffold_531	10063	188856	18.77	4	37
scaffold_532	10017	197207	19.69	5	34
scaffold_533	10004	196671	19.66	5	33
scaffold_534	9976	187846	18.83	6	39
scaffold_535	9922	212283	21.40	5	39
scaffold_536	9892	202553	20.48	8	56
scaffold_537	9878	202476	20.50	3	42
scaffold_538	9851	252048	25.59	10	47
scaffold_539	9832	184460	18.76	5	37
scaffold_540	9707	158377	16.32	3	31
scaffold_541	9656	372558	38.58	5	841
scaffold_542	9588	201937	21.06	1	40
scaffold_543	9567	220127	23.01	9	40
scaffold_544	9544	217824	22.82	6	46
scaffold_545	9501	200158	21.07	7	37
scaffold_546	9497	179453	18.90	2	35
scaffold_547	9437	189835	20.12	5	39
scaffold_548	9432	181521	19.25	5	34
scaffold_549	9366	160374	17.12	4	34
scaffold_550	9364	256827	27.43	7	260
scaffold_551	9357	161682	17.28	5	41
scaffold_552	9262	197681	21.34	6	37
scaffold_553	9173	149591	16.31	5	32
scaffold_554	9163	193332	21.10	3	38
scaffold_555	9144	225472	24.66	12	39
scaffold_556	9013	209659	23.26	5	38
scaffold_557	8918	163780	18.37	7	29
scaffold_558	8910	202472	22.72	4	39
scaffold_559	8861	184933	20.87	6	134
scaffold_560	8858	181729	20.52	6	86
scaffold_561	8848	154609	17.47	5	41
scaffold_562	8828	168273	19.06	3	38
scaffold_563	8815	183922	20.86	4	37
scaffold_564	8785	194431	22.13	6	37
scaffold_565	8764	221354	25.26	6	184
scaffold_566	8714	186289	21.38	6	36
scaffold_567	8692	184113	21.18	6	37
scaffold_568	8690	167999	19.33	7	36
scaffold_569	8650	153443	17.74	5	31
scaffold_570	8581	202732	23.63	5	47
scaffold_571	8384	200092	23.87	9	42
scaffold_572	8339	157315	18.86	6	103
scaffold_573	8338	150420	18.04	5	31
scaffold_574	8208	146710	17.87	2	38
scaffold_575	8154	159979	19.62	3	35
scaffold_576	8144	150467	18.48	5	40
scaffold_577	8099	167693	20.71	5	75
scaffold_578	8093	131141	16.20	4	33
scaffold_579	8069	146101	18.11	5	35
scaffold_580	8054	153984	19.12	5	32
scaffold_581	8045	143668	17.86	5	31
scaffold_582	7959	163022	20.48	5	40
scaffold_583	7949	155046	19.51	6	41
scaffold_584	7918	139493	17.62	4	34
scaffold_585	7917	150340	18.99	4	34
scaffold_586	7880	293079	37.19	7	721
scaffold_587	7841	165265	21.08	5	93
scaffold_588	7831	130609	16.68	5	31
scaffold_589	7806	261493	33.50	12	134
scaffold_590	7729	135690	17.56	4	33
scaffold_591	7725	233411	30.22	6	190
scaffold_592	7713	125324	16.25	4	32
scaffold_593	7689	150936	19.63	5	36
scaffold_594	7667	154890	20.20	7	41
scaffold_595	7664	145025	18.92	5	52
scaffold_596	7664	153325	20.01	5	35
scaffold_597	7660	203586	26.58	7	195
scaffold_598	7634	141732	18.57	5	34
scaffold_599	7632	174913	22.92	3	38
scaffold_600	7610	154001	20.24	3	44
scaffold_601	7555	138752	18.37	6	33
scaffold_602	7550	168769	22.35	9	36
scaffold_603	7487	154466	20.63	9	35
scaffold_604	7459	156387	20.97	6	37
scaffold_605	7409	206075	27.81	11	71
scaffold_606	7398	168082	22.72	8	61
scaffold_607	7309	139123	19.03	6	37
scaffold_608	7255	149695	20.63	6	37
scaffold_609	7239	137124	18.94	4	38
scaffold_610	7227	147372	20.39	5	85
scaffold_611	7223	268139	37.12	14	272
scaffold_612	7190	111294	15.48	4	30
scaffold_613	7183	136638	19.02	5	40
scaffold_614	7145	132122	18.49	7	39
scaffold_615	7116	148787	20.91	8	40
scaffold_616	7105	130094	18.31	9	31
scaffold_617	7088	127623	18.01	5	33
scaffold_618	7067	137263	19.42	5	34
scaffold_619	7034	112668	16.02	6	31
scaffold_620	6991	158454	22.67	9	35
scaffold_621	6968	109697	15.74	5	29
scaffold_622	6964	4635828	665.68	55	964
scaffold_623	6947	136218	19.61	6	38
scaffold_624	6931	131343	18.95	4	38
scaffold_625	6887	96447	14.00	4	30
scaffold_626	6865	136580	19.90	6	40
scaffold_627	6864	127497	18.57	4	36
scaffold_628	6824	121262	17.77	8	30
scaffold_629	6813	122858	18.03	6	35
scaffold_630	6809	123945	18.20	3	38
scaffold_631	6787	138545	20.41	6	32
scaffold_632	6782	153793	22.68	6	40
scaffold_633	6765	108876	16.09	2	59
scaffold_634	6748	132244	19.60	8	32
scaffold_635	6736	121177	17.99	6	36
scaffold_636	6705	122713	18.30	5	35
scaffold_637	6700	145906	21.78	5	37
scaffold_638	6674	144271	21.62	6	39
scaffold_639	6632	111224	16.77	5	36
scaffold_640	6628	107460	16.21	5	30
scaffold_641	6626	123282	18.61	4	34
scaffold_642	6622	100593	15.19	4	26
scaffold_643	6598	105630	16.01	4	32
scaffold_644	6578	103293	15.70	3	30
scaffold_645	6572	114527	17.43	4	33
scaffold_646	6567	135854	20.69	4	62
scaffold_647	6561	142048	21.65	8	40
scaffold_648	6492	106513	16.41	7	35
scaffold_649	6475	128850	19.90	3	35
scaffold_650	6464	196310	30.37	9	547
scaffold_651	6447	195945	30.39	7	687
scaffold_652	6443	119846	18.60	6	39
scaffold_653	6431	124169	19.31	5	36
scaffold_654	6429	129313	20.11	5	42
scaffold_655	6428	122651	19.08	3	35
scaffold_656	6423	128472	20.00	7	41
scaffold_657	6410	104787	16.35	4	36
scaffold_658	6403	136571	21.33	8	58
scaffold_659	6374	122640	19.24	6	37
scaffold_660	6369	95690	15.02	3	25
scaffold_661	6363	146041	22.95	7	89
scaffold_662	6315	145270	23.00	9	39
scaffold_663	6314	129169	20.46	8	32
scaffold_664	6273	134246	21.40	5	38
scaffold_665	6251	107172	17.14	4	31
scaffold_666	6232	177356	28.46	11	135
scaffold_667	6203	90536	14.60	2	33
scaffold_668	6200	109767	17.70	4	39
scaffold_669	6179	138579	22.43	6	46
scaffold_670	6151	116845	19.00	6	35
scaffold_671	6134	126603	20.64	3	40
scaffold_672	6127	116562	19.02	6	39
scaffold_673	6120	110243	18.01	5	102
scaffold_674	6013	128231	21.33	6	37
scaffold_675	6004	112646	18.76	3	39
scaffold_676	5994	116749	19.48	9	52
scaffold_677	5983	124275	20.77	7	66
scaffold_678	5956	111824	18.78	9	68
scaffold_679	5945	133612	22.47	11	36
scaffold_680	5932	100660	16.97	2	31
scaffold_681	5929	100541	16.96	5	36
scaffold_682	5911	174571	29.53	8	66
scaffold_683	5886	129110	21.94	7	38
scaffold_684	5879	101035	17.19	6	29
scaffold_685	5839	122090	20.91	7	37
scaffold_686	5817	130332	22.41	7	257
scaffold_687	5784	109788	18.98	5	36
scaffold_688	5753	124910	21.71	5	37
scaffold_689	5705	90558	15.87	5	30
scaffold_690	5659	87422	15.45	4	30
scaffold_691	5658	112686	19.92	5	40
scaffold_692	5654	83775	14.82	3	33
scaffold_693	5653	111810	19.78	7	32
scaffold_694	5612	127191	22.66	7	64
scaffold_695	5601	113787	20.32	4	37
scaffold_696	5595	111374	19.91	7	111
scaffold_697	5497	138198	25.14	8	43
scaffold_698	5469	369361	67.54	4	1147
scaffold_699	5461	104592	19.15	5	34
scaffold_700	5442	142283	26.15	7	195
scaffold_701	5365	72840	13.58	5	22
scaffold_702	5341	93546	17.51	4	32
scaffold_703	5323	92009	17.29	3	31
scaffold_704	5279	93833	17.77	4	36
scaffold_705	5260	91235	17.35	4	36
scaffold_706	5240	100084	19.10	3	39
scaffold_707	5204	92185	17.71	6	35
scaffold_708	5201	89071	17.13	5	30
scaffold_709	5182	74899	14.45	5	29
scaffold_710	5091	114275	22.45	2	42
scaffold_711	5050	82491	16.33	5	30
scaffold_712	5029	92964	18.49	6	40
scaffold_713	5007	72968	14.57	3	28
scaffold_714	4987	96077	19.27	6	41
scaffold_715	4960	81525	16.44	5	30
scaffold_716	4950	79390	16.04	6	48
scaffold_717	4947	91057	18.41	6	39
scaffold_718	4941	146959	29.74	7	466
scaffold_719	4926	91427	18.56	5	36
scaffold_720	4873	96758	19.86	5	32
scaffold_721	4738	90404	19.08	3	34
scaffold_722	4703	89427	19.01	5	35
scaffold_723	4701	87044	18.52	6	72
scaffold_724	4671	95137	20.37	6	39
scaffold_725	4647	74357	16.00	5	30
scaffold_726	4646	81709	17.59	4	32
scaffold_727	4641	78444	16.90	6	35
scaffold_728	4623	87797	18.99	2	43
scaffold_729	4608	73540	15.96	5	31
scaffold_730	4569	73842	16.16	5	196
scaffold_731	4529	68758	15.18	3	28
scaffold_732	4526	79130	17.48	5	36
scaffold_733	4507	91126	20.22	8	33
scaffold_734	4470	99312	22.22	4	40
scaffold_735	4462	102334	22.93	8	111
scaffold_736	4443	82723	18.62	3	31
scaffold_737	4417	87889	19.90	8	191
scaffold_738	4414	88264	20.00	6	34
scaffold_739	4402	78017	17.72	5	32
scaffold_740	4398	57344	13.04	3	25
scaffold_741	4385	64096	14.62	3	27
scaffold_742	4365	59001	13.52	3	26
scaffold_743	4340	66492	15.32	4	31
scaffold_744	4324	61922	14.32	5	26
scaffold_745	4309	120730	28.02	6	42
scaffold_746	4308	192083	44.59	13	149
scaffold_747	4299	73225	17.03	4	29
scaffold_748	4280	80110	18.72	3	35
scaffold_749	4265	83365	19.55	7	35
scaffold_750	4256	81553	19.16	8	35
scaffold_751	4228	84452	19.97	12	30
scaffold_752	4227	85352	20.19	4	37
scaffold_753	4223	121989	28.89	15	42
scaffold_754	4223	59547	14.10	4	27
scaffold_755	4187	84181	20.11	7	42
scaffold_756	4186	74488	17.79	4	34
scaffold_757	4185	60365	14.42	4	28
scaffold_758	4179	68983	16.51	5	31
scaffold_759	4175	74462	17.84	4	32
scaffold_760	4168	53229	12.77	5	25
scaffold_761	4148	97068	23.40	11	40
scaffold_762	4131	62335	15.09	5	27
scaffold_763	4127	57064	13.83	4	27
scaffold_764	4125	84958	20.60	8	40
scaffold_765	4109	77042	18.75	9	30
scaffold_766	4094	74258	18.14	5	38
scaffold_767	4089	144351	35.30	12	176
scaffold_768	4085	81093	19.85	6	33
scaffold_769	4056	65058	16.04	5	31
scaffold_770	4038	99139	24.55	7	143
scaffold_771	4035	114450	28.36	8	235
scaffold_772	4003	52249	13.05	4	27
scaffold_773	3998	53846	13.47	4	31
scaffold_774	3980	63074	15.85	3	30
scaffold_775	3975	44830	11.28	2	21
scaffold_776	3970	54378	13.70	3	28
scaffold_777	3969	79666	20.07	4	37
scaffold_778	3965	75372	19.01	9	61
scaffold_779	3910	57759	14.77	5	29
scaffold_780	3907	65171	16.68	6	29
scaffold_781	3899	70152	17.99	4	274
scaffold_782	3899	79128	20.29	7	31
scaffold_783	3894	118153	30.34	5	320
scaffold_784	3882	75610	19.48	4	40
scaffold_785	3844	118143	30.73	16	55
scaffold_786	3839	49796	12.97	4	29
scaffold_787	3803	85449	22.47	5	35
scaffold_788	3800	78002	20.53	9	38
scaffold_789	3784	69380	18.34	5	31
scaffold_790	3775	171329	45.39	14	455
scaffold_791	3773	77392	20.51	4	33
scaffold_792	3735	45116	12.08	4	20
scaffold_793	3725	113335	30.43	6	51
scaffold_794	3720	65419	17.59	3	36
scaffold_795	3675	68416	18.62	5	34
scaffold_796	3663	68808	18.78	6	34
scaffold_797	3635	72488	19.94	6	36
scaffold_798	3626	69763	19.24	6	32
scaffold_799	3626	64874	17.89	4	35
scaffold_800	3621	69665	19.24	9	31
scaffold_801	3610	65334	18.10	6	31
scaffold_802	3600	120823	33.56	6	389
scaffold_803	3591	341122	94.99	8	1882
scaffold_804	3590	69727	19.42	6	39
scaffold_805	3588	47707	13.30	3	29
scaffold_806	3561	56541	15.88	3	32
scaffold_807	3549	65042	18.33	6	32
scaffold_808	3520	74821	21.26	4	34
scaffold_809	3520	74219	21.08	4	37
scaffold_810	3500	77555	22.16	6	36
scaffold_811	3485	50444	14.47	6	26
scaffold_812	3471	63599	18.32	4	38
scaffold_813	3467	85396	24.63	14	95
scaffold_814	3461	59504	17.19	4	33
scaffold_815	3436	106857	31.10	14	117
scaffold_816	3435	98436	28.66	13	94
scaffold_817	3427	70590	20.60	10	48
scaffold_818	3402	66683	19.60	6	42
scaffold_819	3387	66099	19.52	5	71
scaffold_820	3376	63072	18.68	8	43
scaffold_821	3361	66836	19.89	4	41
scaffold_822	3356	99288	29.59	9	256
scaffold_823	3352	166229	49.59	8	411
scaffold_824	3331	40575	12.18	4	21
scaffold_825	3327	49438	14.86	5	25
scaffold_826	3315	66081	19.93	8	34
scaffold_827	3309	50356	15.22	4	26
scaffold_828	3304	63942	19.35	5	34
scaffold_829	3301	53532	16.22	4	28
scaffold_830	3300	63561	19.26	6	48
scaffold_831	3284	57402	17.48	7	30
scaffold_832	3266	60104	18.40	6	35
scaffold_833	3254	60938	18.73	5	31
scaffold_834	3248	49981	15.39	2	34
scaffold_835	3240	70560	21.78	7	38
scaffold_836	3222	52482	16.29	3	27
scaffold_837	3198	63331	19.80	4	35
scaffold_838	3178	53582	16.86	4	30
scaffold_839	3177	54181	17.05	5	27
scaffold_840	3171	56654	17.87	6	37
scaffold_841	3156	71281	22.59	8	39
scaffold_842	3149	65654	20.85	9	31
scaffold_843	3138	76916	24.51	12	59
scaffold_844	3138	181443	57.82	11	915
scaffold_845	3125	47083	15.07	4	30
scaffold_846	3118	56735	18.20	6	34
scaffold_847	3107	56624	18.22	4	39
scaffold_848	3105	56825	18.30	8	31
scaffold_849	3103	48613	15.67	6	35
scaffold_850	3102	46704	15.06	3	25
scaffold_851	3101	51196	16.51	8	33
scaffold_852	3087	54326	17.60	3	32
scaffold_853	3084	50423	16.35	5	27
scaffold_854	3082	34102	11.06	3	21
scaffold_855	3077	51792	16.83	3	31
scaffold_856	3074	52038	16.93	6	36
scaffold_857	3067	43835	14.29	2	31
scaffold_858	3051	50388	16.52	4	31
scaffold_859	3049	74467	24.42	10	43
scaffold_860	3041	41418	13.62	3	30
scaffold_861	3041	40176	13.21	4	30
scaffold_862	3023	50078	16.57	6	31
scaffold_863	3008	97699	32.48	9	123
scaffold_864	3003	42255	14.07	5	32
scaffold_865	2999	36206	12.07	4	25
scaffold_866	2998	44716	14.92	5	30
scaffold_867	2984	36294	12.16	3	22
scaffold_868	2976	147727	49.64	9	125
scaffold_869	2946	52578	17.85	3	32
scaffold_870	2935	55625	18.95	7	29
scaffold_871	2933	49471	16.87	3	36
scaffold_872	2926	51550	17.62	7	30
scaffold_873	2916	51090	17.52	4	32
scaffold_874	2915	41145	14.11	5	25
scaffold_875	2913	35292	12.12	2	21
scaffold_876	2905	43566	15.00	5	27
scaffold_877	2901	53577	18.47	7	32
scaffold_878	2898	60653	20.93	11	62
scaffold_879	2898	71407	24.64	11	42
scaffold_880	2896	41675	14.39	5	25
scaffold_881	2895	72392	25.01	8	293
scaffold_882	2887	47263	16.37	5	31
scaffold_883	2885	40460	14.02	2	29
scaffold_884	2879	45195	15.70	6	27
scaffold_885	2878	45193	15.70	8	26
scaffold_886	2875	48012	16.70	7	29
scaffold_887	2870	41254	14.37	5	29
scaffold_888	2850	62489	21.93	6	38
scaffold_889	2850	53700	18.84	7	107
scaffold_890	2837	49167	17.33	5	32
scaffold_891	2820	48075	17.05	5	30
scaffold_892	2819	58074	20.60	7	51
scaffold_893	2799	40725	14.55	3	27
scaffold_894	2799	59606	21.30	10	37
scaffold_895	2793	104813	37.53	9	110
scaffold_896	2793	52258	18.71	4	30
scaffold_897	2788	41125	14.75	5	29
scaffold_898	2788	41508	14.89	3	25
scaffold_899	2784	53958	19.38	4	31
scaffold_900	2781	54935	19.75	3	33
scaffold_901	2773	53285	19.22	5	38
scaffold_902	2765	40859	14.78	5	31
scaffold_903	2746	45509	16.57	5	27
scaffold_904	2740	50179	18.31	5	30
scaffold_905	2737	47679	17.42	4	33
scaffold_906	2722	37578	13.81	4	24
scaffold_907	2719	42135	15.50	5	34
scaffold_908	2714	65076	23.98	6	36
scaffold_909	2705	43134	15.95	7	26
scaffold_910	2704	47907	17.72	3	34
scaffold_911	2704	40059	14.81	4	31
scaffold_912	2698	39145	14.51	5	25
scaffold_913	2694	38400	14.25	2	24
scaffold_914	2693	54284	20.16	9	29
scaffold_915	2690	42761	15.90	6	26
scaffold_916	2686	534537	199.01	14	749
scaffold_917	2683	38893	14.50	4	28
scaffold_918	2682	54115	20.18	10	32
scaffold_919	2680	45487	16.97	5	30
scaffold_920	2674	38959	14.57	5	30
scaffold_921	2673	163409	61.13	12	299
scaffold_922	2661	39547	14.86	3	26
scaffold_923	2660	30332	11.40	4	23
scaffold_924	2655	47813	18.01	7	28
scaffold_925	2647	44647	16.87	6	29
scaffold_926	2640	51969	19.69	6	38
scaffold_927	2633	48576	18.45	7	35
scaffold_928	2631	36165	13.75	4	24
scaffold_929	2630	46735	17.77	4	28
scaffold_930	2610	34961	13.40	4	22
scaffold_931	2610	47697	18.27	3	33
scaffold_932	2606	38151	14.64	4	30
scaffold_933	2605	46585	17.88	5	31
scaffold_934	2600	32598	12.54	3	27
scaffold_935	2600	26969	10.37	3	20
scaffold_936	2582	41957	16.25	6	28
scaffold_937	2575	54280	21.08	7	36
scaffold_938	2571	30484	11.86	3	25
scaffold_939	2569	43253	16.84	4	29
scaffold_940	2554	32195	12.61	4	24
scaffold_941	2542	32611	12.83	4	22
scaffold_942	2526	40099	15.87	2	30
scaffold_943	2523	66560	26.38	8	127
scaffold_944	2519	34401	13.66	5	25
scaffold_945	2517	54496	21.65	11	36
scaffold_946	2506	40164	16.03	4	27
scaffold_947	2487	36635	14.73	3	31
scaffold_948	2484	35505	14.29	4	26
scaffold_949	2483	38201	15.39	6	27
scaffold_950	2477	33573	13.55	3	24
scaffold_951	2476	37009	14.95	4	29
scaffold_952	2473	55432	22.41	8	38
scaffold_953	2460	40418	16.43	4	30
scaffold_954	2452	34883	14.23	3	26
scaffold_955	2444	29536	12.09	4	21
scaffold_956	2443	38665	15.83	3	32
scaffold_957	2439	50086	20.54	8	31
scaffold_958	2436	33283	13.66	4	23
scaffold_959	2428	40906	16.85	6	34
scaffold_960	2425	41857	17.26	7	29
scaffold_961	2416	32757	13.56	6	24
scaffold_962	2404	34776	14.47	4	29
scaffold_963	2401	36170	15.06	8	24
scaffold_964	2388	35702	14.95	4	26
scaffold_965	2385	32537	13.64	6	23
scaffold_966	2379	31826	13.38	5	20
scaffold_967	2368	67640	28.56	14	42
scaffold_968	2355	45415	19.28	6	35
scaffold_969	2343	1587460	677.53	19	1559
scaffold_970	2340	29994	12.82	3	26
scaffold_971	2327	58194	25.01	9	149
scaffold_972	2326	53851	23.15	10	35
scaffold_973	2326	40577	17.44	4	27
scaffold_974	2325	32948	14.17	3	26
scaffold_975	2323	28189	12.13	5	21
scaffold_976	2319	1306307	563.31	4	749
scaffold_977	2316	26795	11.57	5	20
scaffold_978	2313	34369	14.86	5	25
scaffold_979	2306	34762	15.07	6	27
scaffold_980	2303	32884	14.28	4	29
scaffold_981	2300	36326	15.79	4	26
scaffold_982	2291	44693	19.51	10	34
scaffold_983	2282	35617	15.61	5	27
scaffold_984	2266	30346	13.39	5	27
scaffold_985	2262	28987	12.81	5	21
scaffold_986	2255	37630	16.69	5	31
scaffold_987	2252	34842	15.47	7	26
scaffold_988	2244	22108	9.85	3	21
scaffold_989	2234	43624	19.53	5	36
scaffold_990	2228	162402	72.89	18	277
scaffold_991	2226	141727	63.67	12	473
scaffold_992	2223	30090	13.54	6	20
scaffold_993	2220	36441	16.41	5	27
scaffold_994	2219	53574	24.14	11	114
scaffold_995	2191	36888	16.84	3	31
scaffold_996	2191	52806	24.10	7	118
scaffold_997	2186	32017	14.65	5	28
scaffold_998	2176	29632	13.62	4	26
scaffold_999	2173	665526	306.27	12	1591
scaffold_1000	2172	86153	39.67	8	680
scaffold_1001	2166	38497	17.77	3	31
scaffold_1002	2160	47084	21.80	12	36
scaffold_1003	2160	33323	15.43	4	27
scaffold_1004	2160	736948	341.18	15	1378
scaffold_1005	2153	40112	18.63	4	39
scaffold_1006	2144	37393	17.44	5	27
scaffold_1007	2137	51838	24.26	10	57
scaffold_1008	2135	31806	14.90	3	27
scaffold_1009	2129	26117	12.27	3	24
scaffold_1010	2125	48675	22.91	8	38
scaffold_1011	2124	42172	19.85	9	45
scaffold_1012	2122	40125	18.91	6	37
scaffold_1013	2120	26803	12.64	3	28
scaffold_1014	2112	133588	63.25	21	341
scaffold_1015	2101	36179	17.22	4	34
scaffold_1016	2085	26118	12.53	5	20
scaffold_1017	2084	35645	17.10	8	26
scaffold_1018	2070	27166	13.12	3	34
scaffold_1019	2068	29702	14.36	3	28
scaffold_1020	2063	31953	15.49	3	32
scaffold_1021	2062	239771	116.28	12	327
scaffold_1022	2062	46778	22.69	7	157
scaffold_1023	2060	30329	14.72	2	28
scaffold_1024	2056	32215	15.67	5	27
scaffold_1025	2051	41185	20.08	6	38
scaffold_1026	2049	34353	16.77	7	40
scaffold_1027	2035	32034	15.74	7	26
scaffold_1028	2030	26827	13.22	5	24
scaffold_1029	2025	52456	25.90	10	91
scaffold_1030	2024	24327	12.02	5	20
scaffold_1031	2023	35461	17.53	2	34
scaffold_1032	2021	30392	15.04	3	30
scaffold_1033	2012	34557	17.18	5	34
scaffold_1034	2011	26328	13.09	5	22
scaffold_1035	2007	25138	12.53	6	25
scaffold_1036	2002	28740	14.36	4	30
scaffold_1037	1998	30653	15.34	4	25
scaffold_1038	1993	46350	23.26	9	63
scaffold_1039	1990	33180	16.67	6	30
scaffold_1040	1989	30219	15.19	7	25
scaffold_1041	1989	29280	14.72	4	37
scaffold_1042	1986	28512	14.36	5	26
scaffold_1043	1980	68552	34.62	12	137
scaffold_1044	1979	30593	15.46	8	26
scaffold_1045	1973	27596	13.99	5	30
scaffold_1046	1964	27508	14.01	6	25
scaffold_1047	1941	40451	20.84	9	38
scaffold_1048	1936	40175	20.75	8	36
scaffold_1049	1928	30888	16.02	3	28
scaffold_1050	1920	119714	62.35	14	240
scaffold_1051	1915	130814	68.31	7	192
scaffold_1052	1909	32658	17.11	5	31
scaffold_1053	1904	21785	11.44	3	20
scaffold_1054	1903	36778	19.33	8	31
scaffold_1055	1901	37369	19.66	6	31
scaffold_1056	1894	35677	18.84	7	32
scaffold_1057	1892	29557	15.62	6	34
scaffold_1058	1891	28718	15.19	6	32
scaffold_1059	1883	1480029	786.00	26	1511
scaffold_1060	1875	28796	15.36	3	30
scaffold_1061	1871	19968	10.67	4	23
scaffold_1062	1866	869490	465.96	8	720
scaffold_1063	1865	23682	12.70	4	21
scaffold_1064	1854	22354	12.06	4	19
scaffold_1065	1851	18682	10.09	4	18
scaffold_1066	1843	26509	14.38	6	28
scaffold_1067	1834	25007	13.64	5	26
scaffold_1068	1832	23951	13.07	6	34
scaffold_1069	1819	23511	12.93	4	22
scaffold_1070	1811	128516	70.96	15	178
scaffold_1071	1809	183465	101.42	12	275
scaffold_1072	1803	69298	38.43	14	275
scaffold_1073	1797	32512	18.09	5	33
scaffold_1074	1790	27318	15.26	6	26
scaffold_1075	1783	25685	14.41	5	25
scaffold_1076	1780	30952	17.39	5	28
scaffold_1077	1777	20913	11.77	5	22
scaffold_1078	1777	30057	16.91	7	30
scaffold_1079	1774	34534	19.47	5	37
scaffold_1080	1766	32252	18.26	7	28
scaffold_1081	1766	42665	24.16	12	37
scaffold_1082	1766	24374	13.80	7	22
scaffold_1083	1761	26279	14.92	4	29
scaffold_1084	1748	23356	13.36	5	26
scaffold_1085	1745	28076	16.09	4	28
scaffold_1086	1743	28135	16.14	4	25
scaffold_1087	1740	17123	9.84	4	19
scaffold_1088	1737	27529	15.85	9	25
scaffold_1089	1736	30785	17.73	6	28
scaffold_1090	1735	23901	13.78	5	24
scaffold_1091	1731	23276	13.45	3	26
scaffold_1092	1728	19160	11.09	4	17
scaffold_1093	1726	23835	13.81	6	20
scaffold_1094	1725	28825	16.71	6	30
scaffold_1095	1718	21395	12.45	4	23
scaffold_1096	1717	24114	14.04	6	23
scaffold_1097	1711	27207	15.90	6	29
scaffold_1098	1711	26954	15.75	5	31
scaffold_1099	1711	18951	11.08	5	18
scaffold_1100	1708	41098	24.06	6	124
scaffold_1101	1706	19954	11.70	5	20
scaffold_1102	1697	40131	23.65	4	43
scaffold_1103	1692	774090	457.50	23	1295
scaffold_1104	1690	31780	18.80	7	28
scaffold_1105	1689	30718	18.19	4	39
scaffold_1106	1684	18016	10.70	2	21
scaffold_1107	1683	22393	13.31	5	22
scaffold_1108	1676	18714	11.17	5	18
scaffold_1109	1671	117077	70.06	16	211
scaffold_1110	1670	21117	12.64	4	23
scaffold_1111	1665	90184	54.16	17	103
scaffold_1112	1665	51492	30.93	5	49
scaffold_1113	1664	30842	18.53	6	26
scaffold_1114	1664	32684	19.64	6	31
scaffold_1115	1658	15245	9.19	2	20
scaffold_1116	1658	128965	77.78	24	259
scaffold_1117	1656	20430	12.34	4	19
scaffold_1118	1654	30554	18.47	5	29
scaffold_1119	1649	21049	12.76	2	24
scaffold_1120	1649	22672	13.75	2	27
scaffold_1121	1643	17078	10.39	4	18
scaffold_1122	1642	29532	17.99	5	30
scaffold_1123	1639	96979	59.17	11	143
scaffold_1124	1638	36752	22.44	10	31
scaffold_1125	1625	21907	13.48	4	22
scaffold_1126	1623	67026	41.30	11	76
scaffold_1127	1621	21578	13.31	4	27
scaffold_1128	1621	25786	15.91	6	26
scaffold_1129	1614	14482	8.97	3	17
scaffold_1130	1614	25706	15.93	6	23
scaffold_1131	1606	61427	38.25	17	59
scaffold_1132	1606	23983	14.93	5	30
scaffold_1133	1604	22942	14.30	6	22
scaffold_1134	1602	25267	15.77	8	25
scaffold_1135	1601	19905	12.43	4	24
scaffold_1136	1593	17483	10.97	4	18
scaffold_1137	1592	24658	15.49	6	29
scaffold_1138	1589	154745	97.39	16	350
scaffold_1139	1587	152463	96.07	15	201
scaffold_1140	1581	26835	16.97	7	26
scaffold_1141	1579	169732	107.49	8	179
scaffold_1142	1579	28626	18.13	2	26
scaffold_1143	1578	60512	38.35	7	80
scaffold_1144	1571	26855	17.09	4	26
scaffold_1145	1564	37872	24.21	10	38
scaffold_1146	1548	17909	11.57	4	20
scaffold_1147	1544	14008	9.07	3	20
scaffold_1148	1543	19710	12.77	5	20
scaffold_1149	1540	73961	48.03	17	210
scaffold_1150	1537	65404	42.55	9	74
scaffold_1151	1534	23937	15.60	4	26
scaffold_1152	1531	20557	13.43	6	23
scaffold_1153	1529	80747	52.81	11	206
scaffold_1154	1527	72993	47.80	8	395
scaffold_1155	1524	21863	14.35	7	23
scaffold_1156	1523	23633	15.52	4	32
scaffold_1157	1517	84967	56.01	8	149
scaffold_1158	1516	33471	22.08	12	31
scaffold_1159	1516	52307	34.50	10	100
scaffold_1160	1511	22538	14.92	4	24
scaffold_1161	1508	98205	65.12	18	144
scaffold_1162	1500	23393	15.60	7	29
scaffold_1163	1499	47925	31.97	18	71
scaffold_1164	1496	46298	30.95	13	50
scaffold_1165	1493	195558	130.98	20	221
scaffold_1166	1492	17306	11.60	4	18
scaffold_1167	1491	18581	12.46	5	25
scaffold_1168	1480	53726	36.30	14	79
scaffold_1169	1477	17398	11.78	2	20
scaffold_1170	1476	18727	12.69	3	26
scaffold_1171	1475	16293	11.05	5	21
scaffold_1172	1469	21103	14.37	6	23
scaffold_1173	1469	16883	11.49	4	16
scaffold_1174	1463	20334	13.90	5	24
scaffold_1175	1456	37264	25.59	13	42
scaffold_1176	1454	18035	12.40	2	21
scaffold_1177	1453	97342	66.99	13	205
scaffold_1178	1446	17204	11.90	4	22
scaffold_1179	1443	114358	79.25	18	268
scaffold_1180	1441	17382	12.06	6	23
scaffold_1181	1431	24754	17.30	9	26
scaffold_1182	1428	1430572	1001.80	17	1504
scaffold_1183	1428	15714	11.00	6	17
scaffold_1184	1426	95507	66.98	19	157
scaffold_1185	1425	16340	11.47	4	19
scaffold_1186	1413	27543	19.49	6	30
scaffold_1187	1413	17423	12.33	4	22
scaffold_1188	1412	20316	14.39	5	30
scaffold_1189	1409	32828	23.30	13	71
scaffold_1190	1406	55160	39.23	15	89
scaffold_1191	1402	53109	37.88	8	143
scaffold_1192	1401	64751	46.22	11	99
scaffold_1193	1400	21794	15.57	7	23
scaffold_1194	1397	78124	55.92	11	87
scaffold_1195	1397	26280	18.81	7	33
scaffold_1196	1393	30648	22.00	11	36
scaffold_1197	1392	16069	11.54	4	19
scaffold_1198	1377	16758	12.17	4	26
scaffold_1199	1372	20423	14.89	5	25
scaffold_1200	1367	15684	11.47	3	23
scaffold_1201	1365	20270	14.85	3	32
scaffold_1202	1362	21742	15.96	5	26
scaffold_1203	1362	76850	56.42	22	94
scaffold_1204	1358	34311	25.27	6	43
scaffold_1205	1354	74515	55.03	9	106
scaffold_1206	1353	106395	78.64	25	149
scaffold_1207	1352	13076	9.67	4	16
scaffold_1208	1351	299153	221.43	10	550
scaffold_1209	1349	21768	16.14	8	29
scaffold_1210	1345	16792	12.48	5	22
scaffold_1211	1339	163098	121.81	29	330
scaffold_1212	1333	18098	13.58	5	21
scaffold_1213	1330	18495	13.91	5	25
scaffold_1214	1329	20249	15.24	4	25
scaffold_1215	1327	21923	16.52	4	26
scaffold_1216	1326	20268	15.29	4	30
scaffold_1217	1324	15746	11.89	3	26
scaffold_1218	1324	17115	12.93	4	21
scaffold_1219	1324	23908	18.06	6	32
scaffold_1220	1318	20035	15.20	5	25
scaffold_1221	1317	1002210	760.98	379	1005
scaffold_1222	1316	21244	16.14	7	24
scaffold_1223	1313	23120	17.61	7	32
scaffold_1224	1304	16219	12.44	5	20
scaffold_1225	1304	21895	16.79	3	29
scaffold_1226	1302	784991	602.91	13	885
scaffold_1227	1300	19969	15.36	6	27
scaffold_1228	1296	32801	25.31	8	38
scaffold_1229	1293	39471	30.53	7	49
scaffold_1230	1293	1066305	824.68	3	1342
scaffold_1231	1288	206622	160.42	9	1094
scaffold_1232	1278	19106	14.95	5	22
scaffold_1233	1268	31346	24.72	11	62
scaffold_1234	1261	200522	159.02	10	826
scaffold_1235	1258	22361	17.78	8	30
scaffold_1236	1258	27149	21.58	4	41
scaffold_1237	1253	921463	735.41	7	1407
scaffold_1238	1249	15798	12.65	6	19
scaffold_1239	1244	13118	10.55	2	19
scaffold_1240	1237	17088	13.81	6	21
scaffold_1241	1225	10919	8.91	1	14
scaffold_1242	1221	280373	229.63	18	636
scaffold_1243	1221	17467	14.31	4	24
scaffold_1244	1219	14180	11.63	3	20
scaffold_1245	1218	45251	37.15	15	97
scaffold_1246	1213	42767	35.26	16	126
scaffold_1247	1212	12099	9.98	3	19
scaffold_1248	1210	15338	12.68	6	22
scaffold_1249	1209	14338	11.86	4	23
scaffold_1250	1209	15727	13.01	5	19
scaffold_1251	1209	61972	51.26	7	256
scaffold_1252	1207	13124	10.87	4	20
scaffold_1253	1207	28606	23.70	11	33
scaffold_1254	1206	189592	157.21	54	226
scaffold_1255	1202	110949	92.30	10	374
scaffold_1256	1202	16460	13.69	7	21
scaffold_1257	1201	14359	11.96	6	17
scaffold_1258	1200	13663	11.39	5	18
scaffold_1259	1196	45665	38.18	9	69
scaffold_1260	1195	12796	10.71	4	19
scaffold_1261	1192	18990	15.93	4	29
scaffold_1262	1191	15909	13.36	4	23
scaffold_1263	1188	18111	15.24	5	27
scaffold_1264	1187	15535	13.09	3	22
scaffold_1265	1186	14521	12.24	4	23
scaffold_1266	1185	22623	19.09	12	27
scaffold_1267	1185	11262	9.50	3	16
scaffold_1268	1183	49475	41.82	10	180
scaffold_1269	1181	15086	12.77	4	19
scaffold_1270	1180	280311	237.55	47	348
scaffold_1271	1175	17350	14.77	9	21
scaffold_1272	1175	29241	24.89	8	37
scaffold_1273	1174	17104	14.57	5	30
scaffold_1274	1170	42779	36.56	13	83
scaffold_1275	1164	18589	15.97	6	25
scaffold_1276	1163	40799	35.08	4	70
scaffold_1277	1156	19093	16.52	7	26
scaffold_1278	1154	45009	39.00	13	64
scaffold_1279	1154	16690	14.46	5	22
scaffold_1280	1151	13697	11.90	5	27
scaffold_1281	1148	20287	17.67	7	30
scaffold_1282	1145	62595	54.67	14	189
scaffold_1283	1145	19975	17.45	7	27
scaffold_1284	1144	39822	34.81	7	53
scaffold_1285	1142	13494	11.82	5	19
scaffold_1286	1140	11570	10.15	3	16
scaffold_1287	1139	14244	12.51	4	21
scaffold_1288	1139	10921	9.59	5	18
scaffold_1289	1131	16898	14.94	5	28
scaffold_1290	1130	93027	82.32	12	221
scaffold_1291	1126	10733	9.53	4	16
scaffold_1292	1125	72400	64.36	14	133
scaffold_1293	1124	176027	156.61	38	200
scaffold_1294	1115	16152	14.49	5	23
scaffold_1295	1109	12929	11.66	3	20
scaffold_1296	1107	169643	153.25	18	189
scaffold_1297	1106	15078	13.63	5	24
scaffold_1298	1097	17230	15.71	8	27
scaffold_1299	1097	8247	7.52	2	15
scaffold_1300	1094	17356	15.86	8	23
scaffold_1301	1089	44007	40.41	9	81
scaffold_1302	1084	108082	99.71	12	477
scaffold_1303	1080	18013	16.68	5	32
scaffold_1304	1077	13947	12.95	4	21
scaffold_1305	1075	204665	190.39	39	271
scaffold_1306	1074	9701	9.03	3	15
scaffold_1307	1074	20671	19.25	9	48
scaffold_1308	1069	10973	10.26	3	16
scaffold_1309	1069	24610	23.02	16	32
scaffold_1310	1068	18654	17.47	5	27
scaffold_1311	1067	18317	17.17	5	27
scaffold_1312	1067	74277	69.61	20	245
scaffold_1313	1065	11904	11.18	5	18
scaffold_1314	1064	38781	36.45	15	76
scaffold_1315	1063	12947	12.18	3	24
scaffold_1316	1062	11070	10.42	2	19
scaffold_1317	1060	11388	10.74	5	18
scaffold_1318	1058	11744	11.10	4	16
scaffold_1319	1058	8505	8.04	4	16
scaffold_1320	1057	14767	13.97	6	25
scaffold_1321	1054	20004	18.98	9	29
scaffold_1322	1054	17491	16.59	8	31
scaffold_1323	1053	149820	142.28	18	363
scaffold_1324	1049	11036	10.52	3	19
scaffold_1325	1047	222579	212.59	15	777
scaffold_1326	1047	27860	26.61	0	50
scaffold_1327	1047	93211	89.03	6	433
scaffold_1328	1045	427287	408.89	6	635
scaffold_1329	1045	35853	34.31	11	63
scaffold_1330	1043	21102	20.23	10	32
scaffold_1331	1039	11183	10.76	5	17
scaffold_1332	1038	10682	10.29	5	16
scaffold_1333	1036	240879	232.51	22	371
scaffold_1334	1032	152810	148.07	12	266
scaffold_1335	1030	125892	122.23	9	264
scaffold_1336	1028	10389	10.11	4	19
scaffold_1337	1026	207999	202.73	27	490
scaffold_1338	1025	10156	9.91	2	16
scaffold_1339	1019	11329	11.12	4	18
scaffold_1340	1018	75743	74.40	7	484
scaffold_1341	1015	16198	15.96	4	24
scaffold_1342	1015	12029	11.85	3	21
scaffold_1343	1011	17492	17.30	8	26
scaffold_1344	1011	14474	14.32	7	22
scaffold_1345	1010	8855	8.77	3	14
scaffold_1346	1010	38591	38.21	14	95
scaffold_1347	1010	41634	41.22	19	79
scaffold_1348	1009	24043	23.83	12	41
scaffold_1349	1008	14922	14.80	7	24
scaffold_1350	1004	14564	14.51	3	23
scaffold_1351	1003	70997	70.78	16	273
scaffold_1352	997	296517	297.41	11	384
total	19791571	458460560	23.16	0	1882
