chrom	length	bases	mean	min	max
mt	44625	22558112	505.50	209	889
scaffold_1	438104	13216306	30.17	2	124
scaffold_2	436322	13031022	29.87	1	60
scaffold_3	361572	10614932	29.36	1	104
scaffold_4	355664	10798508	30.36	1	65
scaffold_5	290481	8722326	30.03	3	57
scaffold_6	286170	8500261	29.70	1	76
scaffold_7	273218	8206322	30.04	2	92
scaffold_8	272573	8115482	29.77	1	89
scaffold_9	271935	8293785	30.50	3	58
scaffold_10	264104	7871164	29.80	1	59
scaffold_11	260663	7570416	29.04	1	62
scaffold_12	238610	7064777	29.61	1	270
scaffold_13	233822	7080277	30.28	1	58
scaffold_14	227109	6652781	29.29	1	62
scaffold_15	226730	6945465	30.63	1	57
scaffold_16	222506	6589768	29.62	2	55
scaffold_17	220732	6463102	29.28	1	60
scaffold_18	217426	6493834	29.87	3	59
scaffold_19	213536	6454922	30.23	3	56
scaffold_20	212909	6414639	30.13	1	123
scaffold_21	208414	6106543	29.30	1	62
scaffold_22	204846	5956099	29.08	1	64
scaffold_23	203648	6233729	30.61	3	57
scaffold_24	202795	7172202	35.37	2	476
scaffold_25	199991	5922093	29.61	1	56
scaffold_26	198781	6136321	30.87	1	67
scaffold_27	194992	5749009	29.48	1	116
scaffold_28	192891	5826038	30.20	1	62
scaffold_29	190609	5633537	29.56	1	58
scaffold_30	189734	5663043	29.85	2	60
scaffold_31	187822	5795933	30.86	2	56
scaffold_32	184098	5672685	30.81	1	58
scaffold_33	180115	5566761	30.91	3	60
scaffold_34	179833	5471687	30.43	4	57
scaffold_35	176987	5238444	29.60	5	92
scaffold_36	174576	5198344	29.78	0	176
scaffold_37	171064	5080941	29.70	3	58
scaffold_38	167442	4949165	29.56	1	56
scaffold_39	165841	5032382	30.34	1	57
scaffold_40	165019	4919608	29.81	3	56
scaffold_41	165002	4976743	30.16	2	99
scaffold_42	164393	4766463	28.99	3	76
scaffold_43	163676	4855241	29.66	5	778
scaffold_44	161336	4792578	29.71	3	57
scaffold_45	156522	4475667	28.59	2	55
scaffold_46	156020	4450007	28.52	1	57
scaffold_47	154904	4774840	30.82	1	56
scaffold_48	154167	4571631	29.65	2	57
scaffold_49	152567	4716588	30.91	2	58
scaffold_50	150597	4287351	28.47	1	57
scaffold_51	146840	4322528	29.44	1	61
scaffold_52	146361	4253259	29.06	4	59
scaffold_53	146094	4509131	30.86	0	143
scaffold_54	144837	4563857	31.51	6	239
scaffold_55	144172	4304206	29.85	1	54
scaffold_56	143095	4285310	29.95	1	56
scaffold_57	141805	4252333	29.99	1	58
scaffold_58	141753	4273994	30.15	3	60
scaffold_59	140241	4153228	29.61	1	58
scaffold_60	132565	4045533	30.52	1	59
scaffold_61	132456	3977999	30.03	2	64
scaffold_62	129528	3806123	29.38	2	57
scaffold_63	129527	3724484	28.75	2	59
scaffold_64	127900	3891639	30.43	1	60
scaffold_65	127373	4107435	32.25	1	590
scaffold_66	125318	3661285	29.22	1	552
scaffold_67	117663	3560629	30.26	1	56
scaffold_68	115667	3496536	30.23	5	55
scaffold_69	115097	3420681	29.72	2	55
scaffold_70	114534	3562261	31.10	3	59
scaffold_71	114369	3438598	30.07	1	54
scaffold_72	114014	3400990	29.83	4	188
scaffold_73	113683	3538111	31.12	1	56
scaffold_74	111063	3091120	27.83	2	64
scaffold_75	109062	3126479	28.67	1	64
scaffold_76	108618	3214861	29.60	1	52
scaffold_77	107284	3010899	28.06	3	56
scaffold_78	107012	3054543	28.54	1	232
scaffold_79	105813	3196297	30.21	3	112
scaffold_80	98090	2928010	29.85	2	55
scaffold_81	97825	2901426	29.66	1	60
scaffold_82	96077	2918607	30.38	1	53
scaffold_83	94940	2778538	29.27	2	57
scaffold_84	93902	2691706	28.67	1	296
scaffold_85	93177	2802438	30.08	2	115
scaffold_86	88726	2794468	31.50	6	79
scaffold_87	87995	2613240	29.70	0	53
scaffold_88	85462	3057691	35.78	6	99
scaffold_89	84202	2561657	30.42	2	274
scaffold_90	83980	2438102	29.03	4	56
scaffold_91	82020	3218955	39.25	8	312
scaffold_92	80646	2311024	28.66	3	61
scaffold_93	80327	2218955	27.62	1	54
scaffold_94	76090	2190344	28.79	1	51
scaffold_95	75970	2696540	35.49	8	142
scaffold_96	75888	2305807	30.38	1	59
scaffold_97	75211	2199096	29.24	2	621
scaffold_98	75178	2298171	30.57	4	61
scaffold_99	74927	2739833	36.57	0	324
scaffold_100	73937	2632208	35.60	9	97
scaffold_101	73057	2120827	29.03	2	81
scaffold_102	69871	2047161	29.30	1	62
scaffold_103	69854	2019610	28.91	1	55
scaffold_104	69286	2011945	29.04	1	55
scaffold_105	68022	2229630	32.78	4	86
scaffold_106	67676	2030490	30.00	1	65
scaffold_107	66212	1891609	28.57	2	60
scaffold_108	65327	1970447	30.16	1	207
scaffold_109	64747	2109759	32.58	2	56
scaffold_110	64220	1874676	29.19	3	56
scaffold_111	62977	1896174	30.11	2	80
scaffold_112	62311	1919756	30.81	1	58
scaffold_113	61482	2027296	32.97	1	85
scaffold_114	60855	1764363	28.99	1	58
scaffold_115	60852	1879528	30.89	3	51
scaffold_116	60530	2027817	33.50	3	263
scaffold_117	57245	1617541	28.26	2	56
scaffold_118	54333	1686837	31.05	1	316
scaffold_119	54117	1543503	28.52	1	53
scaffold_120	53210	1563533	29.38	4	53
scaffold_121	53035	1607122	30.30	4	52
scaffold_122	52813	1623354	30.74	0	56
scaffold_123	52040	1834120	35.24	2	241
scaffold_124	50778	1495196	29.45	1	51
scaffold_125	50297	1457301	28.97	3	83
scaffold_126	49464	1501109	30.35	7	77
scaffold_127	48335	1395481	28.87	1	52
scaffold_128	47686	1349358	28.30	2	57
scaffold_129	47270	1229691	26.01	1	55
scaffold_130	46408	1351036	29.11	1	156
scaffold_131	44897	1318170	29.36	1	55
scaffold_132	44648	1318393	29.53	2	56
scaffold_133	44228	1327872	30.02	1	57
scaffold_134	44218	1272229	28.77	1	57
scaffold_135	43785	1188305	27.14	2	60
scaffold_136	42392	1318401	31.10	1	53
scaffold_137	42252	1127722	26.69	1	51
scaffold_138	41308	1203200	29.13	1	68
scaffold_139	40239	1219822	30.31	2	54
scaffold_140	39913	1237024	30.99	5	691
scaffold_141	38448	1180330	30.70	1	58
scaffold_142	38425	1092884	28.44	2	56
scaffold_143	38119	1174334	30.81	3	54
scaffold_144	37794	1398248	37.00	1	126
scaffold_145	37667	1043784	27.71	2	49
scaffold_146	37657	1029463	27.34	1	53
scaffold_147	37472	1210697	32.31	1	65
scaffold_148	37356	986028	26.40	1	54
scaffold_149	35510	1003202	28.25	1	51
scaffold_150	35024	1082831	30.92	1	60
scaffold_151	33812	1255654	37.14	7	187
scaffold_152	33551	995165	29.66	1	52
scaffold_153	33332	1265145	37.96	12	184
scaffold_154	32511	1077355	33.14	4	89
scaffold_155	32391	969100	29.92	1	55
scaffold_156	32022	859277	26.83	1	52
scaffold_157	31783	840437	26.44	1	223
scaffold_158	31749	1006294	31.70	4	159
scaffold_159	31523	933858	29.62	2	66
scaffold_160	30215	1036064	34.29	14	100
scaffold_161	30062	852762	28.37	1	51
scaffold_162	29676	1136176	38.29	1	1530
scaffold_163	28883	899343	31.14	1	53
scaffold_164	28587	773878	27.07	2	52
scaffold_165	27769	832060	29.96	1	224
scaffold_166	27337	779015	28.50	1	56
scaffold_167	27328	956901	35.02	7	78
scaffold_168	27109	827803	30.54	1	53
scaffold_169	26813	980624	36.57	2	60
scaffold_170	26482	699024	26.40	4	55
scaffold_172	25572	740587	28.96	1	53
scaffold_173	25504	1240436	48.64	2	402
scaffold_174	25432	777192	30.56	2	60
scaffold_175	24570	834976	33.98	9	62
scaffold_176	24047	1108254	46.09	2	248
scaffold_177	23972	714765	29.82	7	50
scaffold_178	23594	887633	37.62	5	98
scaffold_179	22827	952658	41.73	7	155
scaffold_180	22808	638161	27.98	1	60
scaffold_181	22711	1006907	44.34	12	199
scaffold_182	22033	550307	24.98	1	50
scaffold_183	22009	701279	31.86	3	102
scaffold_184	21945	837616	38.17	3	125
scaffold_185	21837	699949	32.05	5	138
scaffold_186	21832	577901	26.47	2	66
scaffold_187	21368	603989	28.27	1	58
scaffold_188	21330	549152	25.75	0	85
scaffold_189	20688	592466	28.64	1	57
scaffold_190	20604	574429	27.88	1	63
scaffold_191	20489	530347	25.88	1	299
scaffold_192	19159	472997	24.69	4	48
scaffold_193	18820	508970	27.04	2	48
scaffold_194	18715	618233	33.03	5	61
scaffold_195	18697	1597096	85.42	9	504
scaffold_196	18677	443285	23.73	1	49
scaffold_197	18654	706838	37.89	1	121
scaffold_198	18652	482616	25.87	3	53
scaffold_199	17622	494977	28.09	1	53
scaffold_200	17218	704552	40.92	3	241
scaffold_201	16908	550529	32.56	4	121
scaffold_202	16158	399506	24.72	2	44
scaffold_203	15774	427728	27.12	3	61
scaffold_204	15176	574682	37.87	7	205
scaffold_205	15158	475076	31.34	6	53
scaffold_206	14950	325792	21.79	1	45
scaffold_207	14803	284576	19.22	1	51
scaffold_208	14741	331395	22.48	1	50
scaffold_209	14688	585045	39.83	6	143
scaffold_210	13832	532014	38.46	6	85
scaffold_211	13581	516285	38.02	4	191
scaffold_212	13297	524988	39.48	3	89
scaffold_213	12652	297356	23.50	1	49
scaffold_214	12479	477010	38.23	7	94
scaffold_215	12368	519034	41.97	14	112
scaffold_216	12293	297687	24.22	4	47
scaffold_217	12001	700572	58.38	5	273
scaffold_218	11436	431126	37.70	3	198
scaffold_219	11427	341214	29.86	1	59
scaffold_220	10538	498783	47.33	6	136
scaffold_221	10110	441653	43.68	5	108
scaffold_222	9998	395780	39.59	5	102
scaffold_223	9667	492687	50.97	3	139
scaffold_224	9619	235529	24.49	5	192
scaffold_225	9529	491097	51.54	7	226
scaffold_226	9393	336444	35.82	11	67
scaffold_227	9228	298714	32.37	1	149
scaffold_228	9188	601169	65.43	16	116
scaffold_229	8766	251676	28.71	3	56
scaffold_230	8676	262455	30.25	7	71
scaffold_231	8527	445465	52.24	8	161
scaffold_232	8516	3579926	420.38	7	933
scaffold_233	8456	494386	58.47	11	170
scaffold_234	8343	409968	49.14	2	110
scaffold_235	8226	469476	57.07	9	165
scaffold_236	7850	168422	21.46	3	51
scaffold_237	7514	236332	31.45	1	50
scaffold_238	7440	233274	31.35	15	62
scaffold_239	7068	389802	55.15	8	172
scaffold_240	6924	295676	42.70	7	158
scaffold_241	6870	158969	23.14	1	44
scaffold_242	6831	546451	80.00	12	288
scaffold_243	6500	152088	23.40	1	61
scaffold_244	6345	9590073	1511.44	144	2053
scaffold_245	6273	110316	17.59	1	37
scaffold_246	6233	166339	26.69	3	83
scaffold_247	6162	117252	19.03	1	41
scaffold_248	5994	186932	31.19	5	53
scaffold_249	5993	466769	77.89	14	322
scaffold_250	5897	185121	31.39	2	56
scaffold_251	5757	433875	75.36	4	279
scaffold_252	5747	202806	35.29	6	60
scaffold_253	5718	753100	131.71	0	1044
scaffold_254	5683	192612	33.89	7	50
scaffold_255	5674	107020	18.86	2	40
scaffold_256	5615	195957	34.90	2	62
scaffold_257	5355	256494	47.90	5	129
scaffold_258	5308	161734	30.47	3	45
scaffold_259	5143	91269	17.75	1	40
scaffold_260	5126	122466	23.89	2	42
scaffold_261	5052	192494	38.10	4	76
scaffold_262	5047	237870	47.13	4	97
scaffold_263	5027	104295	20.75	1	37
scaffold_264	4972	228724	46.00	3	85
scaffold_265	4932	326888	66.28	11	93
scaffold_266	4923	232700	47.27	19	130
scaffold_267	4912	286394	58.30	14	89
scaffold_268	4789	270755	56.54	11	87
scaffold_269	4725	218174	46.17	5	103
scaffold_270	4721	111225	23.56	1	42
scaffold_271	4534	96237	21.23	2	38
scaffold_272	4517	282175	62.47	5	218
scaffold_273	4481	69807	15.58	1	34
scaffold_274	4474	510703	114.15	5	184
scaffold_275	4303	88597	20.59	2	38
scaffold_276	4278	152104	35.55	9	66
scaffold_278	4183	75663	18.09	2	37
scaffold_280	4007	177254	44.24	10	132
scaffold_281	3964	85374	21.54	1	42
scaffold_282	3923	122588	31.25	17	49
scaffold_283	3814	132228	34.67	6	50
scaffold_284	3796	198615	52.32	3	268
scaffold_285	3730	78596	21.07	1	44
scaffold_286	3679	423773	115.19	10	318
scaffold_287	3626	145954	40.25	6	77
scaffold_288	3595	349890	97.33	9	291
scaffold_289	3478	104474	30.04	3	48
scaffold_290	3459	70275	20.32	2	112
scaffold_291	3457	368715	106.66	7	186
scaffold_292	3440	54318	15.79	1	33
scaffold_293	3388	384067	113.36	4	485
scaffold_294	3388	219679	64.84	15	100
scaffold_295	3362	65558	19.50	1	33
scaffold_296	3336	183209	54.92	11	75
scaffold_297	3286	113693	34.60	5	69
scaffold_298	3262	539152	165.28	7	548
scaffold_299	3189	175111	54.91	1	132
scaffold_300	3149	67905	21.56	2	35
scaffold_301	3112	292001	93.83	44	131
scaffold_302	3076	91241	29.66	4	94
scaffold_303	3075	241897	78.67	13	123
scaffold_304	3070	66871	21.78	1	33
scaffold_305	3061	102807	33.59	6	61
scaffold_306	3058	66634	21.79	4	38
scaffold_307	3054	141943	46.48	21	73
scaffold_308	3021	99642	32.98	11	52
scaffold_309	3010	51948	17.26	1	33
scaffold_310	3003	124036	41.30	14	144
scaffold_311	3000	87709	29.24	3	48
scaffold_312	2977	59274	19.91	7	36
scaffold_313	2959	137909	46.61	5	85
scaffold_314	2956	57288	19.38	4	39
scaffold_315	2933	62158	21.19	1	43
scaffold_316	2918	118011	40.44	6	94
scaffold_317	2879	248310	86.25	28	116
scaffold_318	2876	143836	50.01	6	74
scaffold_319	2833	55182	19.48	3	32
scaffold_320	2758	124750	45.23	4	86
scaffold_321	2739	60118	21.95	3	37
scaffold_322	2681	133945	49.96	10	70
scaffold_323	2628	80799	30.75	12	68
scaffold_324	2601	244908	94.16	19	134
scaffold_325	2594	103830	40.03	3	80
scaffold_326	2589	37296	14.41	1	28
scaffold_327	2554	227231	88.97	23	236
scaffold_328	2537	102694	40.48	9	72
scaffold_329	2520	45080	17.89	2	38
scaffold_330	2516	330467	131.35	12	250
scaffold_332	2502	126741	50.66	4	102
scaffold_333	2488	243851	98.01	2	277
scaffold_334	2477	151641	61.22	12	87
scaffold_335	2459	46533	18.92	1	36
scaffold_336	2445	30090	12.31	3	28
scaffold_337	2369	101555	42.87	5	77
scaffold_338	2354	313928	133.36	38	207
scaffold_339	2332	103164	44.24	5	114
scaffold_340	2326	97472	41.91	8	93
scaffold_341	2318	56062	24.19	3	39
scaffold_342	2307	347417	150.59	9	221
scaffold_343	2289	35788	15.63	1	26
scaffold_344	2272	668860	294.39	16	403
scaffold_345	2261	73498	32.51	2	87
scaffold_346	2224	66082	29.71	1	47
scaffold_347	2181	44958	20.61	2	38
scaffold_348	2158	138725	64.28	10	116
scaffold_349	2132	70807	33.21	1	47
scaffold_350	2122	33236	15.66	1	38
scaffold_351	2060	46898	22.77	2	37
scaffold_352	2027	91163	44.97	12	97
scaffold_353	2019	122065	60.46	15	181
scaffold_354	2018	32237	15.97	4	26
scaffold_355	2010	125636	62.51	30	90
scaffold_356	2009	90402	45.00	7	90
scaffold_357	1995	2320165	1162.99	6	1723
scaffold_358	1994	70601	35.41	5	75
scaffold_359	1970	261316	132.65	10	162
scaffold_360	1952	18267	9.36	1	17
scaffold_361	1931	29777	15.42	2	25
scaffold_362	1930	176723	91.57	10	119
scaffold_363	1919	35515	18.51	1	30
scaffold_364	1892	29895	15.80	1	25
scaffold_365	1890	26460	14.00	1	33
scaffold_366	1890	30048	15.90	1	33
scaffold_367	1874	210019	112.07	9	226
scaffold_368	1862	56341	30.26	3	57
scaffold_369	1856	132819	71.56	12	126
scaffold_370	1850	174640	94.40	8	295
scaffold_371	1849	129244	69.90	7	463
scaffold_372	1793	108466	60.49	11	205
scaffold_374	1762	459788	260.95	13	491
scaffold_375	1761	22191	12.60	1	29
scaffold_376	1755	73098	41.65	7	89
scaffold_377	1746	478498	274.05	33	370
scaffold_378	1721	18659	10.84	2	23
scaffold_379	1717	327930	190.99	14	482
scaffold_380	1714	374585	218.54	91	291
scaffold_381	1686	56659	33.61	6	52
scaffold_382	1685	26339	15.63	1	35
scaffold_383	1672	76718	45.88	7	86
scaffold_384	1662	23026	13.85	1	28
scaffold_385	1626	188307	115.81	15	166
scaffold_386	1620	204419	126.18	6	305
scaffold_387	1620	96475	59.55	16	80
scaffold_388	1565	14931	9.54	1	19
scaffold_389	1562	70313	45.01	3	67
scaffold_390	1550	26216	16.91	2	31
scaffold_391	1548	79300	51.23	18	96
scaffold_392	1546	180733	116.90	20	155
scaffold_393	1528	149631	97.93	1	323
scaffold_394	1501	259156	172.66	11	319
scaffold_395	1472	43555	29.59	9	46
scaffold_396	1451	85056	58.62	42	81
scaffold_397	1413	205316	145.31	10	337
scaffold_398	1386	21927	15.82	1	30
scaffold_399	1365	31840	23.33	4	36
scaffold_400	1359	299049	220.05	30	268
scaffold_401	1346	260259	193.36	9	378
scaffold_402	1340	241164	179.97	4	321
scaffold_403	1340	312234	233.01	8	460
scaffold_404	1315	26056	19.81	5	28
scaffold_405	1277	281843	220.71	33	278
scaffold_406	1273	87596	68.81	2	114
scaffold_407	1266	19549	15.44	1	26
scaffold_408	1258	122568	97.43	7	128
scaffold_409	1256	17758	14.14	2	26
scaffold_410	1236	47515	38.44	7	52
scaffold_411	1226	12417	10.13	1	19
scaffold_412	1215	62481	51.42	2	72
scaffold_413	1213	33988	28.02	4	39
scaffold_414	1179	54737	46.43	11	70
scaffold_415	1169	239392	204.78	25	358
scaffold_416	1159	128255	110.66	6	301
scaffold_418	1126	40825	36.26	5	52
scaffold_419	1116	165844	148.61	8	273
scaffold_420	1109	20023	18.06	1	32
scaffold_421	1107	43217	39.04	7	85
scaffold_422	1098	63757	58.07	12	74
scaffold_423	1091	204952	187.86	6	275
scaffold_424	1091	54329	49.80	0	72
scaffold_425	1083	272710	251.81	60	298
scaffold_426	1068	20785	19.46	3	33
scaffold_427	1063	216563	203.73	119	244
scaffold_428	1056	199421	188.85	117	211
scaffold_429	1045	9889	9.46	1	19
scaffold_430	1033	118798	115.00	27	147
scaffold_431	1030	76098	73.88	16	120
scaffold_432	1012	113983	112.63	10	194
scaffold_433	1011	90063	89.08	5	200
scaffold_434	1010	69889	69.20	9	102
total	21078914	688919549	32.68	0	2053
